6 1
18
0 0.07 0.07 0.07 0.07 0.07 0.07 0.07 0.07 0.07 0.07 0.07 0.07 0.07 0.07 0.07 0.07 0.07
0.34261242 0.385438972 0.286937901 0.561027837 0.511777302 0.565310493
0.291220557 0.516059957 0.361884368 0.464668094 0.443254818 0.597430407
0.419700214 0.524625268 0.51391863 0.443254818 0.539614561 0.507494647
0.372591006 0.518201285 0.430406852 0.451820128 0.464668094 0.488222698
0.39614561 0.394004283 0.496788009 0.468950749 0.552462527 0.460385439
0.291220557 0.516059957 0.6124197 0.516059957 0.565310493 0.518201285
0.479657388 0.456102784 0.586723769 0.488222698 0.571734475 0.539614561
0.691648822 0.518201285 0.556745182 0.479657388 0.481798715 0.507494647
0.82012848 0.52248394 0.552462527 0.563169165 0.511777302 0.492505353
0.805139186 0.537473233 0.483940043 0.593147752 0.511777302 0.528907923
0.745182013 0.584582441 0.501070664 0.627408994 0.516059957 0.464668094
0.65738758 0.498929336 0.479657388 0.546038544 0.443254818 0.507494647
0.505353319 0.509635974 0.479657388 0.526766595 0.509635974 0.518201285
0.398286938 0.496788009 0.494646681 0.479657388 0.417558887 0.507494647
0.338329764 0.483940043 0.616702355 0.468950749 0.533190578 0.447537473
0.456102784 0.620985011 0.507494647 0.52248394 0.492505353 0.408993576
0.462526767 0.471092077 0.584582441 0.385438972 0.543897216 0.526766595
0.623126338 0.537473233 0.552462527 0.509635974 0.481798715 0.505353319