10
0.0 -0.5996858724662362 0.0 0.0 -0.6564760157471532 0.0 0.0 0.0 0.0 0.0 1.0 0.0 0.0 0.0 0.0 0.0 0.0 0.0 0.0 0.0 1.0 1.0
0.0 -0.10125814939709232 0.7037096426032106 0.0 0.0 0.0 0.48556704639828885 0.0 0.0 0.0 0.0 1.0 0.0 0.0 0.0 0.0 0.0 0.0 0.0 0.0 1.0 1.0
0.0 -0.5355567723861259 0.8345438432052839 0.0 0.0 0.0 0.9913354965146508 0.0 0.0 0.0 0.0 0.0 1.0 0.0 0.0 0.0 0.0 0.0 0.0 0.0 1.0 1.0
-0.2057764995040765 0.0 -0.39344550774395426 0.0 -0.07704961337668648 0.0 0.0 0.0 0.0 0.0 0.0 0.0 0.0 1.0 0.0 0.0 0.0 0.0 0.0 0.0 1.0 1.0
0.008169839583040295 0.0 0.0 0.5049674064058531 0.0 0.0 0.0 0.0 0.0 0.0 0.0 0.0 0.0 0.0 1.0 0.0 0.0 0.0 0.0 0.0 1.0 1.0
0.0 0.8517278811405176 0.0 0.0 0.0 0.0 0.0 0.0 -0.9843194104011177 -0.62472454823157 0.0 0.0 0.0 0.0 0.0 1.0 0.0 0.0 0.0 0.0 1.0 1.0
-0.5121051408812185 0.0 0.0 0.0 0.0 0.0 0.0 0.0 0.5199907784579263 0.0 0.0 0.0 0.0 0.0 0.0 0.0 1.0 0.0 0.0 0.0 1.0 1.0
0.0 0.0 0.0 0.0 -0.494084060254506 0.0 0.0 0.0 0.0 -0.6323254268435621 0.0 0.0 0.0 0.0 0.0 0.0 0.0 1.0 0.0 0.0 1.0 1.0
0.0 0.0 0.0 0.0 -0.8505771911031428 0.0 0.0 0.0 0.0 -0.2424574021631407 0.0 0.0 0.0 0.0 0.0 0.0 0.0 0.0 1.0 0.0 1.0 1.0
0.0 0.0 0.0 0.0 0.35202913637596445 0.0 0.0 0.0 -0.7326971208361979 0.0 0.0 0.0 0.0 0.0 0.0 0.0 0.0 0.0 0.0 1.0 1.0 1.0