# Data columns: X Max 3stQuartile Median 1rdQuartile Min BoxWidth Titles
1 -1 -1 -1 -1 -1 0.8 "DE+PSO"
2 0.039649712 0.029253930 0.023804269 0.015360486 0.005536491 0.8 "DE+AIC"
3 0.022960811 0.020926616 0.019171188 0.018208186 0.016766983 0.8 "GA+ANN"
4 0.033621458 0.028363173 0.025192742 0.023198702 0.019072639 0.8 "GLSDC"
5 0.076689165 0.069535657 0.058660510 0.054859114 0.048726970 0.8 "PEACE1"
6 0.032263440 0.029253930 0.024678712 0.022033391 0.021807450 0.8 "GA+ES"
7 -1 -1 -1 -1 -1 0.8 ""
8 -1 -1 -1 -1 -1 0.8 "DE+PSO"
9 0.049231818 0.037852619 0.034145325 0.019072639 0.011216895 0.8 "DE+AIC"
10 0.035582554 0.034499096 0.032766147 0.030642792 0.029557023 0.8 "GA+ANN"
11 0.047979388 0.040267507 0.035582554 0.031768446 0.030017561 0.8 "GLSDC"
12 0.067418356 0.061762971 0.056001767 0.050516941 0.044870164 0.8 "PEACE1"
13 0.040475570 0.038840705 0.037080279 0.035766410 0.035036637 0.8 "GA+ES"
14 -1 -1 -1 -1 -1 0.8 ""
15 -1 -1 -1 -1 -1 0.8 "DE+PSO"
16 0.081581713 0.072462520 0.066384006 0.065365525 0.062725319 0.8 "DE+AIC"
17 0.082852864 0.077884084 0.075124410 0.071719453 0.067418356 0.8 "GA+ANN"
18 0.074738236 0.068822603 0.065029516 0.061445480 0.060502767 0.8 "GLSDC"
19 0.115822449 0.104478772 0.089974465 0.084143820 0.077884084 0.8 "PEACE1"
20 0.073591582 0.069894950 0.069535657 0.068468823 0.067071794 0.8 "GA+ES"
21 -1 -1 -1 -1 -1 0.8 ""
22 -1 -1 -1 -1 -1 0.8 "DE+PSO"
23 0.245796068 0.194919099 0.164434396 0.136589161 0.115822449 0.8 "DE+AIC"
24 0.151419191 0.148329654 0.144556230 0.141606724 0.132430138 0.8 "GA+ANN"
25 0.204173090 0.175828678 0.159427510 0.148329654 0.118234898 0.8 "GLSDC"
26 0.924274796 0.846742054 0.795961973 0.740554528 0.634468430 0.8 "PEACE1"
27 0.208425782 0.201040613 0.192920299 0.187046041 0.183229579 0.8 "GA+ES"
28 -1 -1 -1 -1 -1 0.8 ""