0.001505, 0.093953, 0.034516, 0.121468
0.004838, 0.061043, 0.034486, 0.109318
0.000929, 0.018972, 0.101631, 0.042499
0.000755, 0.139816, 0.000636 0.061952
0.000838, 0.098139, 0.049762, 0.111405
0.008438, 0.134291, 0.058637, 0.072095
0.002061, 0.045752, 0.029517, 0.070257
0.000848, 0.086079, 0.031269, 0.046289
0.002692, 0.066046, 0.043214, 0.086502
0.003321, 0.093897, 0.010744, 0.055657
0.000617, 0.097238, 0.007677, 0.113157
0.003154, 0.032030, 0.028229, 0.076583
0.001025, 0.041819, 0.064788, 0.069761
0.000902, 0.072497, 0.050288, 0.099589
0.001249, 0.014714, 0.120576, 0.067445
0.000337, 0.071704, 0.017365, 0.074180
0.001428, 0.087041, 0.057574, 0.083423
0.002033, 0.019365, 0.051742, 0.091555
0.003472, 0.031650, 0.029351, 0.070490
0.001353, 0.074799, 0.096222, 0.063025
0.018947, 0.009376, 0.013454, 0.043935
0.031685, 0.010379, 0.038878, 0.077105
0.007106, 0.008470, 0.040524, 0.072377
0.001819, 0.009771, 0.148566, 0.081006
0.050065, 0.022182, 0.078321, 0.037668
0.008624, 0.013268, 0.012849, 0.076945
0.029859, 0.018015, 0.081091, 0.076990
0.004790, 0.004846, 0.018099, 0.092571
0.005593, 0.046168, 0.044152, 0.039934
0.011296, 0.017862, 0.058136, 0.084636
0.011323, 0.015473, 0.176292, 0.081227
0.007509, 0.005790, 0.156871, 0.088005
0.021953, 0.018254, 0.041430, 0.076828
0.004377, 0.007109, 0.103787, 0.058507
0.006203, 0.008847, 0.133025, 0.067790
0.014108, 0.019564, 0.040009, 0.089729
0.008453, 0.021865, 0.055145, 0.085364
0.013954, 0.009424, 0.047756, 0.048102
0.005651, 0.007808, 0.026099, 0.080564