Mejor solucion de la corrida 1, serie 1 
G = [0.594422	1.450366	-0.868360	0.614013	]
H = [-0.522753	-0.742406	1.544495	2.064269	]
ALPHA = [3.226510	10.537154	]
BETA = [2.180402	10.956291	]
X = [0.700000	0.524315	0.473030	0.561644	0.760461	0.956435	1.086417	1.160378	1.198018	1.213192	1.214788	1.208578	1.198385	1.186735	1.175259	1.164939	1.156288	1.149479	1.144456	1.141016	1.138884	1.137762	1.137367	1.137453	1.137821	1.138322	1.138854	1.139349	1.139772	1.140109	1.140360	1.140533	1.140642	1.140701	1.140724	1.140723	1.140707	1.140684	1.140660	1.140636	1.140616	1.140599	1.140587	1.140579	1.140573	1.140570	1.140568	1.140568	1.140569	1.140570	0.300000	0.670939	1.302369	1.898645	1.906547	1.515592	1.179704	0.972494	0.852289	0.783817	0.746470	0.728454	0.722657	0.724494	0.730832	0.739446	0.748758	0.757685	0.765552	0.772011	0.776969	0.780509	0.782825	0.784159	0.784760	0.784857	0.784638	0.784252	0.783803	0.783363	0.782973	0.782652	0.782405	0.782229	0.782112	0.782044	0.782011	0.782004	0.782012	0.782029	0.782050	0.782070	0.782089	0.782104	0.782116	0.782125	0.782131	0.782135	0.782136	0.782137	]
Aptitud 4.815508
Tiempo 10937.583984
Mejor solucion de la corrida 2, serie 1 
G = [1.365522	1.100333	-0.631778	-0.893265	]
H = [1.079898	-1.151712	1.724679	1.751933	]
ALPHA = [12.117233	4.276295	]
BETA = [7.429824	5.873227	]
X = [0.700000	0.451452	0.450810	0.534102	0.704807	0.973192	1.277585	1.452891	1.420784	1.288594	1.168454	1.096370	1.069147	1.073670	1.095596	1.121715	1.142127	1.152216	1.152664	1.147295	1.140358	1.134810	1.131875	1.131411	1.132543	1.134244	1.135725	1.136592	1.136814	1.136585	1.136167	1.135775	1.135527	1.135444	1.135485	1.135586	1.135688	1.135757	1.135785	1.135780	1.135756	1.135730	1.135711	1.135702	1.135702	1.135707	1.135714	1.135719	1.135722	1.135722	0.300000	0.750396	1.020873	1.185241	1.237510	1.161344	0.982528	0.804854	0.709894	0.693199	0.718763	0.756996	0.790425	0.810984	0.817398	0.813060	0.803567	0.794142	0.787907	0.785601	0.786329	0.788576	0.790974	0.792680	0.793423	0.793359	0.792840	0.792225	0.791755	0.791524	0.791508	0.791624	0.791779	0.791906	0.791975	0.791988	0.791963	0.791925	0.791891	0.791871	0.791865	0.791870	0.791879	0.791888	0.791894	0.791896	0.791895	0.791893	0.791891	0.791889	]
Aptitud 5.516697
Tiempo 11058.614258
Mejor solucion de la corrida 3, serie 1 
G = [0.579271	0.919577	-2.168563	0.740839	]
H = [0.435916	-1.917932	1.059126	3.225308	]
ALPHA = [3.436191	3.280740	]
BETA = [1.730945	3.948797	]
X = [0.700000	0.438385	0.455149	0.574100	0.732018	0.886320	1.020737	1.130519	1.214668	1.273843	1.309777	1.325054	1.322933	1.307146	1.281658	1.250412	1.217072	1.184786	1.156021	1.132458	1.114989	1.103787	1.098438	1.098104	1.101699	1.108036	1.115963	1.124454	1.132664	1.139964	1.145944	1.150392	1.153270	1.154681	1.154825	1.153965	1.152388	1.150381	1.148206	1.146080	1.144171	1.142592	1.141404	1.140621	1.140221	1.140154	1.140354	1.140745	1.141253	1.141810	0.300000	0.597762	1.297131	1.749890	1.662402	1.434319	1.236094	1.086561	0.975945	0.893799	0.832587	0.787230	0.754319	0.731539	0.717268	0.710295	0.709615	0.714253	0.723146	0.735072	0.748665	0.762509	0.775296	0.785995	0.793965	0.798991	0.801229	0.801103	0.799177	0.796051	0.792286	0.788354	0.784623	0.781351	0.778700	0.776745	0.775489	0.774881	0.774832	0.775226	0.775936	0.776837	0.777812	0.778765	0.779619	0.780324	0.780852	0.781197	0.781369	0.781392	]
Aptitud 4.601962
Tiempo 11086.743164
Mejor solucion de la corrida 4, serie 1 
G = [2.189907	1.789497	-0.195291	0.192231	]
H = [0.884914	0.235714	1.524881	1.313292	]
ALPHA = [6.152658	18.031864	]
BETA = [4.917689	19.276949	]
X = [0.700000	0.617888	0.576823	0.584710	0.653457	0.799510	1.001493	1.165518	1.240211	1.255189	1.244066	1.224246	1.203365	1.184549	1.168890	1.156542	1.147231	1.140502	1.135849	1.132785	1.130884	1.129794	1.129239	1.129018	1.128987	1.129053	1.129157	1.129266	1.129362	1.129440	1.129498	1.129539	1.129566	1.129583	1.129592	1.129597	1.129599	1.129599	1.129598	1.129598	1.129597	1.129596	1.129595	1.129595	1.129594	1.129594	1.129594	1.129594	1.129594	1.129594	0.300000	0.808468	1.247892	1.577231	1.732789	1.641845	1.329753	0.998911	0.798655	0.710990	0.683400	0.683464	0.695117	0.710654	0.726360	0.740484	0.752303	0.761658	0.768708	0.773774	0.777237	0.779477	0.780830	0.781575	0.781926	0.782039	0.782022	0.781944	0.781847	0.781754	0.781675	0.781613	0.781569	0.781538	0.781518	0.781506	0.781499	0.781496	0.781495	0.781496	0.781496	0.781497	0.781498	0.781499	0.781499	0.781500	0.781500	0.781500	0.781500	0.781500	]
Aptitud 5.227195
Tiempo 11068.182617
Mejor solucion de la corrida 5, serie 1 
G = [0.807036	0.794941	0.904410	-2.151265	]
H = [2.592098	4.031982	0.760101	2.467840	]
ALPHA = [9.701479	7.844605	]
BETA = [7.794683	15.901266	]
X = [0.700000	0.361534	0.499342	0.677278	0.870762	1.051839	1.198148	1.301696	1.367641	1.406330	1.427111	1.436061	1.435600	1.423770	1.391303	1.316204	1.174713	1.034518	1.017720	1.072661	1.135718	1.178310	1.190180	1.171378	1.134339	1.103461	1.096060	1.108478	1.127128	1.140775	1.144235	1.138292	1.128252	1.120592	1.118864	1.122252	1.127436	1.131210	1.132026	1.130256	1.127520	1.125533	1.125146	1.126110	1.127535	1.128543	1.128725	1.128211	1.127465	1.126943	0.300000	0.591351	0.763327	0.823558	0.845009	0.854433	0.859499	0.862191	0.863231	0.862900	0.861126	0.857433	0.850803	0.839404	0.820227	0.789293	0.747058	0.719241	0.736791	0.764959	0.780809	0.784230	0.778521	0.767157	0.755549	0.750435	0.753831	0.760898	0.766317	0.767988	0.766284	0.762866	0.759851	0.758780	0.759745	0.761620	0.763123	0.763588	0.763075	0.762112	0.761320	0.761074	0.761356	0.761867	0.762271	0.762387	0.762235	0.761969	0.761759	0.761701	]
Aptitud 5.488070
Tiempo 11091.074219
Mejor solucion de la corrida 6, serie 1 
G = [1.656091	2.565109	-0.993973	0.917572	]
H = [1.465589	1.637340	0.437374	1.318679	]
ALPHA = [1.983042	16.409294	]
BETA = [2.013619	13.673373	]
X = [0.700000	0.693281	0.685512	0.696757	0.781409	0.998883	1.268989	1.432793	1.489288	1.495340	1.482851	1.464264	1.444036	1.423702	1.403736	1.384230	1.365145	1.346406	1.327942	1.309700	1.291650	1.273788	1.256137	1.238747	1.221699	1.205106	1.189108	1.173882	1.159633	1.146589	1.134995	1.125096	1.117116	1.111230	1.107534	1.106014	1.106534	1.108827	1.112517	1.117160	1.122291	1.127479	1.132366	1.136687	1.140282	1.143079	1.145079	1.146337	1.146942	1.146999	0.300000	0.577067	0.994878	1.538481	2.038267	2.134045	1.797340	1.387166	1.082041	0.881264	0.751134	0.665954	0.609809	0.573115	0.550009	0.536802	0.531105	0.531335	0.536419	0.545620	0.558428	0.574484	0.593531	0.615378	0.639867	0.666846	0.696142	0.727529	0.760702	0.795243	0.830599	0.866061	0.900771	0.933748	0.963950	0.990376	1.012180	1.028792	1.040002	1.045992	1.047301	1.044733	1.039239	1.031796	1.023308	1.014545	1.006113	0.998448	0.991833	0.986422	]
Aptitud 3.195149
Tiempo 10933.436523
Mejor solucion de la corrida 7, serie 1 
G = [2.264368	1.170152	-0.957773	0.196936	]
H = [1.534905	0.000000	1.144283	1.719920	]
ALPHA = [8.439575	10.621396	]
BETA = [6.977156	11.716536	]
X = [0.700000	0.615220	0.592513	0.617709	0.686213	0.794814	0.932521	1.074737	1.190482	1.259961	1.283346	1.273913	1.247202	1.215131	1.184956	1.160266	1.142260	1.130734	1.124731	1.122961	1.124074	1.126835	1.130239	1.133559	1.136346	1.138398	1.139693	1.140329	1.140463	1.140267	1.139894	1.139465	1.139063	1.138736	1.138503	1.138362	1.138298	1.138291	1.138321	1.138369	1.138421	1.138469	1.138507	1.138533	1.138549	1.138555	1.138555	1.138551	1.138544	1.138538	0.300000	0.765491	1.198753	1.487881	1.581655	1.498899	1.311494	1.102569	0.927864	0.806346	0.733993	0.699162	0.690232	0.697689	0.714159	0.734102	0.753586	0.770121	0.782475	0.790424	0.794451	0.795432	0.794367	0.792185	0.789628	0.787211	0.785231	0.783808	0.782937	0.782532	0.782476	0.782644	0.782927	0.783240	0.783528	0.783757	0.783918	0.784013	0.784053	0.784053	0.784029	0.783993	0.783954	0.783920	0.783894	0.783875	0.783865	0.783861	0.783862	0.783866	]
Aptitud 5.290810
Tiempo 10780.305664
Mejor solucion de la corrida 8, serie 1 
G = [0.301362	0.730247	-1.111567	1.265501	]
H = [0.000000	-0.820179	-0.720416	1.744592	]
ALPHA = [7.206572	11.407314	]
BETA = [5.711990	11.940292	]
X = [0.700000	0.277899	0.212637	0.419928	0.682302	0.926580	1.141428	1.326015	1.481791	1.610650	1.714460	1.794960	1.853746	1.892296	1.912003	1.914201	1.900199	1.871308	1.828872	1.774295	1.709074	1.634831	1.553349	1.466600	1.376780	1.286325	1.197907	1.114394	1.038741	0.973810	0.922088	0.885364	0.864410	0.858819	0.867047	0.886688	0.914876	0.948671	0.985356	1.022608	1.058554	1.091767	1.121221	1.146236	1.166416	1.181605	1.191841	1.197319	1.198363	1.195403	0.300000	0.473516	1.727093	2.105377	1.815782	1.556258	1.365306	1.223141	1.113929	1.027598	0.957760	0.900242	0.852229	0.811768	0.777474	0.748352	0.723687	0.702968	0.685847	0.672110	0.661658	0.654501	0.650753	0.650638	0.654480	0.662701	0.675784	0.694195	0.718233	0.747792	0.782043	0.819175	0.856400	0.890404	0.918169	0.937760	0.948670	0.951615	0.948048	0.939662	0.928061	0.914595	0.900319	0.886021	0.872268	0.859456	0.847857	0.837649	0.828947	0.821817	]
Aptitud 1.892667
Tiempo 10991.728516
Mejor solucion de la corrida 9, serie 1 
G = [2.448359	2.886360	-1.488030	0.602379	]
H = [0.625091	0.000000	0.354057	2.889034	]
ALPHA = [8.981998	5.518367	]
BETA = [5.194187	8.333039	]
X = [0.700000	0.553916	0.446562	0.399091	0.427746	0.521504	0.654349	0.807764	0.969514	1.130694	1.284276	1.424492	1.546638	1.647084	1.723345	1.774141	1.799400	1.800183	1.778531	1.737253	1.679693	1.609490	1.530366	1.445958	1.359692	1.274700	1.193775	1.119344	1.053447	0.997707	0.953287	0.920830	0.900410	0.891509	0.893063	0.903558	0.921180	0.943971	0.969980	0.997375	1.024532	1.050081	1.072940	1.092317	1.107706	1.118866	1.125794	1.128691	1.127921	1.123977	0.300000	0.540558	0.953394	1.434283	1.641950	1.543132	1.354137	1.177394	1.033904	0.921131	0.832664	0.762831	0.707354	0.663143	0.627990	0.600322	0.579030	0.563345	0.552760	0.546970	0.545840	0.549369	0.557661	0.570892	0.589252	0.612869	0.641682	0.675290	0.712762	0.752498	0.792204	0.829103	0.860400	0.883871	0.898353	0.903901	0.901594	0.893123	0.880371	0.865094	0.848765	0.832517	0.817172	0.803290	0.791227	0.781186	0.773256	0.767443	0.763689	0.761885	]
Aptitud 3.220078
Tiempo 9935.674805
Mejor solucion de la corrida 10, serie 1 
G = [-0.854581	3.088939	-3.429278	1.721410	]
H = [-0.511495	1.032132	-2.178484	2.209535	]
ALPHA = [9.542129	5.336994	]
BETA = [6.124196	5.603782	]
X = [0.700000	0.620652	0.540913	0.807699	1.185932	1.402578	1.539208	1.629289	1.688820	1.726658	1.748235	1.757129	1.755827	1.746135	1.729404	1.706677	1.678776	1.646363	1.609982	1.570088	1.527066	1.481255	1.432960	1.382463	1.330043	1.275997	1.220666	1.164484	1.108055	1.052294	0.998662	0.949577	0.908985	0.882755	0.877540	0.896512	0.934861	0.981923	1.027868	1.067037	1.097317	1.118572	1.131546	1.137295	1.136936	1.131546	1.122142	1.109688	1.095107	1.079303	0.300000	0.388525	0.671359	1.207469	1.174285	1.113911	1.063228	1.020545	0.983616	0.950923	0.921458	0.894537	0.869682	0.846547	0.824882	0.804504	0.785282	0.767124	0.749977	0.733818	0.718659	0.704546	0.691568	0.679864	0.669640	0.661190	0.654929	0.651444	0.651556	0.656411	0.667558	0.686913	0.716289	0.755853	0.801357	0.843192	0.871914	0.884966	0.885702	0.878767	0.867745	0.854925	0.841680	0.828834	0.816904	0.806231	0.797069	0.789617	0.784041	0.780477	]
Aptitud 2.552778
Tiempo 9943.514648

**************************************************
Estadisticas sobre el error cuadratico medio de las corridas
Maximo 5.516697
Minimo 1.892667
Promedio 4.180091
Desviacion Estandar 1.272060
Promedio tiempos 10782.685547
**************************************************
Archivo Instancias/Tominaga2SSGeneratedData.txt, Poblacion 64, Generaciones 500, Diversidad 50, GPUs 1
**************************************************
