Mejor solucion de la corrida 1, serie 1 
G = [0.793402	2.572047	-0.372434	0.770912	]
H = [-0.627874	0.688681	0.943929	1.678602	]
ALPHA = [4.171349	16.194475	]
BETA = [3.506890	17.095795	]
X = [0.700000	0.612417	0.497707	0.380231	0.396829	1.087121	1.491890	1.564569	1.568946	1.554486	1.532960	1.508206	1.481803	1.454526	1.426813	1.398947	1.371135	1.343547	1.316336	1.289650	1.263638	1.238456	1.214266	1.191234	1.169528	1.149312	1.130741	1.113946	1.099032	1.086064	1.075058	1.065976	1.058724	1.053159	1.049094	1.046313	1.044588	1.043690	1.043407	1.043551	1.043965	1.044524	1.045136	1.045735	1.046280	1.046748	1.047131	1.047429	1.047648	1.047801	0.300000	0.582086	0.988818	1.587127	2.376566	1.941386	1.063022	0.738827	0.610171	0.554043	0.530185	0.522712	0.524352	0.531428	0.541951	0.554801	0.569328	0.585136	0.601977	0.619674	0.638088	0.657086	0.676529	0.696257	0.716082	0.735789	0.755133	0.773847	0.791653	0.808275	0.823462	0.837006	0.848759	0.858651	0.866694	0.872977	0.877658	0.880940	0.883057	0.884246	0.884735	0.884728	0.884397	0.883879	0.883280	0.882672	0.882107	0.881611	0.881199	0.880872	]
Aptitud 4.923462
Tiempo 9863.878906
Mejor solucion de la corrida 2, serie 1 
G = [-0.732314	3.336799	-1.703868	1.461568	]
H = [-1.002898	0.697728	-0.977663	2.113544	]
ALPHA = [5.862844	8.539079	]
BETA = [4.268757	8.786909	]
X = [0.700000	0.583195	0.413755	0.825048	1.313780	1.548034	1.677272	1.751780	1.793737	1.814619	1.820999	1.816921	1.805005	1.787012	1.764165	1.737331	1.707133	1.674022	1.638330	1.600296	1.560091	1.517838	1.473624	1.427513	1.379560	1.329827	1.278412	1.225484	1.171348	1.116550	1.062051	1.009493	0.961581	0.922442	0.897512	0.892024	0.907871	0.941228	0.984087	1.028337	1.068426	1.101602	1.127046	1.145005	1.156206	1.161545	1.161936	1.158248	1.151291	1.141819	0.300000	0.396580	0.652903	1.481351	1.313206	1.176095	1.073686	0.994368	0.931011	0.879240	0.836227	0.800063	0.769406	0.743288	0.720995	0.701993	0.685881	0.672359	0.661207	0.652272	0.645456	0.640718	0.638068	0.637568	0.639343	0.643586	0.650574	0.660680	0.674399	0.692354	0.715285	0.743959	0.778892	0.819724	0.864173	0.907183	0.941932	0.963258	0.970420	0.966337	0.955055	0.940053	0.923777	0.907772	0.892955	0.879843	0.868707	0.859668	0.852763	0.847967	]
Aptitud 1.770192
Tiempo 9878.764648
Mejor solucion de la corrida 3, serie 1 
G = [2.392405	0.742847	-0.695947	0.395311	]
H = [1.761153	-1.648970	2.942721	2.827013	]
ALPHA = [7.701512	10.082510	]
BETA = [4.618926	11.628298	]
X = [0.700000	0.503706	0.512950	0.586332	0.726396	0.935987	1.153091	1.251661	1.211068	1.144599	1.111260	1.109708	1.122729	1.135075	1.139942	1.138612	1.135379	1.133229	1.132804	1.133379	1.134054	1.134379	1.134360	1.134203	1.134077	1.134039	1.134061	1.134097	1.134117	1.134119	1.134112	1.134105	1.134102	1.134103	1.134104	1.134106	1.134106	1.134106	1.134105	1.134105	1.134105	1.134105	1.134105	1.134105	1.134105	1.134105	1.134105	1.134105	1.134105	1.134105	0.300000	0.768447	1.355366	1.789013	1.760679	1.363474	0.978514	0.770257	0.713732	0.733128	0.770914	0.794703	0.797733	0.789471	0.781089	0.777540	0.778132	0.780171	0.781647	0.782013	0.781678	0.781235	0.781003	0.780999	0.781096	0.781181	0.781211	0.781199	0.781176	0.781162	0.781160	0.781164	0.781168	0.781170	0.781170	0.781169	0.781168	0.781168	0.781168	0.781169	0.781169	0.781169	0.781169	0.781169	0.781169	0.781169	0.781169	0.781169	0.781169	0.781169	]
Aptitud 5.299484
Tiempo 9774.250977
Mejor solucion de la corrida 4, serie 1 
G = [0.935881	1.405560	-0.713799	1.394396	]
H = [2.157250	-1.814835	4.065677	3.964196	]
ALPHA = [7.499159	10.529855	]
BETA = [2.170823	10.946647	]
X = [0.700000	0.550847	0.565660	0.729823	1.056034	1.249057	1.247064	1.198535	1.169615	1.165497	1.172918	1.179852	1.182129	1.181285	1.179895	1.179213	1.179220	1.179466	1.179637	1.179672	1.179636	1.179598	1.179584	1.179587	1.179595	1.179599	1.179599	1.179598	1.179597	1.179596	1.179597	1.179597	1.179597	1.179597	1.179597	1.179597	1.179597	1.179597	1.179597	1.179597	1.179597	1.179597	1.179597	1.179597	1.179597	1.179597	1.179597	1.179597	1.179597	1.179597	0.300000	0.450118	0.751848	1.235164	1.148086	0.803356	0.698419	0.687944	0.707332	0.725704	0.731805	0.729232	0.725255	0.723369	0.723423	0.724123	0.724599	0.724689	0.724584	0.724478	0.724441	0.724451	0.724472	0.724483	0.724483	0.724480	0.724477	0.724477	0.724477	0.724478	0.724478	0.724478	0.724478	0.724478	0.724478	0.724478	0.724478	0.724478	0.724478	0.724478	0.724478	0.724478	0.724478	0.724478	0.724478	0.724478	0.724478	0.724478	0.724478	0.724478	]
Aptitud 5.282205
Tiempo 9803.397461
Mejor solucion de la corrida 5, serie 1 
G = [1.674361	1.981643	-2.344405	1.044124	]
H = [2.678506	-0.961829	-1.130813	1.550404	]
ALPHA = [12.626318	3.758058	]
BETA = [5.731314	3.857781	]
X = [0.700000	0.551382	0.517880	0.573371	0.759967	1.121107	1.596227	1.945369	2.027715	1.945723	1.808138	1.663629	1.529801	1.412507	1.313266	1.231889	1.167439	1.118603	1.083841	1.061424	1.049439	1.045789	1.048257	1.054618	1.062821	1.071164	1.078430	1.083929	1.087446	1.089126	1.089333	1.088521	1.087135	1.085552	1.084051	1.082808	1.081904	1.081352	1.081110	1.081111	1.081276	1.081528	1.081805	1.082062	1.082270	1.082417	1.082502	1.082535	1.082527	1.082494	0.300000	0.410519	0.633713	0.918131	1.082831	1.093691	1.052561	1.008674	0.968754	0.931719	0.897140	0.865367	0.837059	0.812912	0.793509	0.779189	0.769958	0.765439	0.764885	0.767266	0.771424	0.776251	0.780851	0.784630	0.787309	0.788867	0.789458	0.789322	0.788721	0.787891	0.787019	0.786236	0.785618	0.785195	0.784959	0.784882	0.784923	0.785038	0.785188	0.785340	0.785474	0.785576	0.785644	0.785680	0.785688	0.785677	0.785655	0.785628	0.785602	0.785579	]
Aptitud 5.016799
Tiempo 9848.285156
Mejor solucion de la corrida 6, serie 1 
G = [-0.092384	3.979651	-3.098128	1.139340	]
H = [-0.354649	-1.576211	1.515392	2.445201	]
ALPHA = [0.587544	3.498679	]
BETA = [0.453554	1.656560	]
X = [0.700000	0.597941	0.563214	0.700545	1.159144	1.450713	1.575857	1.629640	1.651933	1.657953	1.654153	1.643625	1.628035	1.608386	1.585350	1.559429	1.531037	1.500546	1.468307	1.434673	1.400003	1.364671	1.329067	1.293598	1.258691	1.224783	1.192324	1.161770	1.133581	1.108226	1.086186	1.067971	1.054127	1.045239	1.041893	1.044576	1.053497	1.068372	1.088273	1.111669	1.136689	1.161497	1.184603	1.205007	1.222183	1.235977	1.246481	1.253928	1.258618	1.260877	0.300000	0.483253	0.994688	1.971248	2.069114	1.713517	1.409146	1.195759	1.045486	0.936019	0.853649	0.790055	0.740027	0.700187	0.668276	0.642742	0.622509	0.606822	0.595163	0.587190	0.582699	0.581603	0.583914	0.589734	0.599245	0.612706	0.630432	0.652783	0.680123	0.712768	0.750901	0.794442	0.842882	0.895084	0.949103	1.002126	1.050665	1.091087	1.120414	1.137059	1.141148	1.134292	1.118971	1.097893	1.073513	1.047810	1.022244	0.997818	0.975172	0.954688	]
Aptitud 1.506999
Tiempo 9822.269531
Mejor solucion de la corrida 7, serie 1 
G = [3.478992	1.730676	-0.656888	0.387365	]
H = [2.403634	-1.582919	1.830736	2.964432	]
ALPHA = [11.714650	10.423727	]
BETA = [6.055107	14.216790	]
X = [0.700000	0.499602	0.496183	0.555517	0.687218	0.922787	1.250889	1.375300	1.209101	1.087380	1.058537	1.086219	1.129617	1.153794	1.150081	1.134907	1.124576	1.123457	1.127725	1.131937	1.133288	1.132263	1.130726	1.129962	1.130101	1.130607	1.130960	1.130998	1.130851	1.130708	1.130663	1.130699	1.130751	1.130776	1.130771	1.130754	1.130742	1.130741	1.130746	1.130751	1.130752	1.130751	1.130749	1.130749	1.130749	1.130749	1.130750	1.130750	1.130750	1.130750	0.300000	0.760309	1.255320	1.502398	1.420283	1.160340	0.878591	0.716176	0.702516	0.757817	0.808568	0.822476	0.807003	0.786342	0.776839	0.779235	0.785969	0.790375	0.790628	0.788586	0.786745	0.786241	0.786753	0.787437	0.787750	0.787663	0.787432	0.787282	0.787274	0.787344	0.787406	0.787423	0.787405	0.787382	0.787372	0.787375	0.787383	0.787388	0.787388	0.787385	0.787383	0.787383	0.787383	0.787384	0.787384	0.787384	0.787384	0.787384	0.787384	0.787384	]
Aptitud 5.509238
Tiempo 9766.613281
Mejor solucion de la corrida 8, serie 1 
G = [0.130654	0.660603	-1.992414	1.682690	]
H = [0.000000	-0.385556	-1.038325	2.533259	]
ALPHA = [9.651027	5.426516	]
BETA = [7.978885	6.013551	]
X = [0.700000	0.386730	0.307918	0.577090	0.864860	1.092062	1.273360	1.419326	1.536829	1.630529	1.703751	1.758979	1.798136	1.822759	1.834113	1.833264	1.821138	1.798561	1.766292	1.725051	1.675551	1.618520	1.554735	1.485060	1.410488	1.332199	1.251629	1.170560	1.091214	1.016348	0.949282	0.893783	0.853644	0.831865	0.829607	0.845488	0.875811	0.915677	0.960238	1.005494	1.048530	1.087406	1.120949	1.148535	1.169925	1.185145	1.194410	1.198065	1.196558	1.190416	0.300000	0.405722	1.492319	1.971308	1.616995	1.383079	1.230378	1.122225	1.040718	0.976489	0.924194	0.880560	0.843467	0.811481	0.783604	0.759121	0.737515	0.718414	0.701556	0.686768	0.673953	0.663092	0.654241	0.647545	0.643253	0.641746	0.643572	0.649489	0.660493	0.677812	0.702738	0.736177	0.777738	0.824575	0.870977	0.909970	0.936406	0.948949	0.949515	0.941420	0.927904	0.911502	0.893977	0.876475	0.859709	0.844112	0.829939	0.817346	0.806425	0.797238	]
Aptitud 1.472901
Tiempo 9847.885742
Mejor solucion de la corrida 9, serie 1 
G = [0.291761	2.203206	-2.085189	-0.583882	]
H = [0.446250	1.698929	1.882632	3.103183	]
ALPHA = [12.410881	5.736797	]
BETA = [11.283372	9.058130	]
X = [0.700000	0.701059	0.774882	0.871489	0.939152	0.979496	1.003456	1.018166	1.027539	1.033712	1.037891	1.040782	1.042817	1.044266	1.045309	1.046065	1.046615	1.047017	1.047311	1.047527	1.047686	1.047803	1.047889	1.047953	1.048000	1.048034	1.048059	1.048078	1.048092	1.048102	1.048110	1.048115	1.048119	1.048122	1.048124	1.048126	1.048127	1.048128	1.048129	1.048129	1.048130	1.048130	1.048130	1.048130	1.048130	1.048131	1.048131	1.048131	1.048131	1.048131	0.300000	0.904290	1.111124	1.086938	1.009992	0.949100	0.909559	0.884987	0.869706	0.860037	0.853776	0.849621	0.846801	0.844850	0.843478	0.842501	0.841798	0.841290	0.840920	0.840650	0.840452	0.840307	0.840200	0.840122	0.840064	0.840021	0.839990	0.839967	0.839950	0.839937	0.839928	0.839921	0.839916	0.839913	0.839910	0.839908	0.839906	0.839905	0.839904	0.839904	0.839903	0.839903	0.839903	0.839903	0.839902	0.839902	0.839902	0.839902	0.839902	0.839902	]
Aptitud 0.817868
Tiempo 9852.309570
Mejor solucion de la corrida 10, serie 1 
G = [1.726127	0.885332	-3.213394	0.327699	]
H = [1.774522	0.174256	-1.781546	0.885024	]
ALPHA = [7.084364	6.847484	]
BETA = [6.171642	6.833249	]
X = [0.700000	0.670547	0.688690	0.748283	0.840657	0.956998	1.089012	1.228857	1.368961	1.502021	1.621254	1.720801	1.796184	1.844671	1.865451	1.859571	1.829656	1.779489	1.713530	1.636465	1.552831	1.466758	1.381803	1.300891	1.226315	1.159787	1.102515	1.055267	1.018430	0.992032	0.975745	0.968888	0.970443	0.979100	0.993329	1.011476	1.031861	1.052886	1.073116	1.091357	1.106700	1.118545	1.126602	1.130866	1.131574	1.129158	1.124183	1.117290	1.109147	1.100397	0.300000	0.752461	1.171472	1.420793	1.498752	1.471403	1.397950	1.311896	1.228055	1.151523	1.083135	1.022115	0.967234	0.917284	0.871245	0.828338	0.788040	0.750096	0.714527	0.681653	0.652106	0.626840	0.607098	0.594339	0.590082	0.595665	0.611925	0.638818	0.675093	0.718161	0.764316	0.809337	0.849308	0.881344	0.903969	0.917068	0.921554	0.918926	0.910889	0.899097	0.885016	0.869870	0.854651	0.840144	0.826958	0.815553	0.806259	0.799287	0.794732	0.792571	]
Aptitud 2.705508
Tiempo 9845.050781
Mejor solucion de la corrida 11, serie 1 
G = [3.204174	3.375012	-0.254621	-0.237723	]
H = [2.324838	1.350962	2.860930	2.817837	]
ALPHA = [11.599979	7.939442	]
BETA = [8.023568	10.993457	]
X = [0.700000	0.663218	0.637217	0.659474	0.766433	0.978203	1.159579	1.213121	1.207702	1.188187	1.169350	1.155187	1.145959	1.140675	1.138088	1.137111	1.136960	1.137146	1.137407	1.137629	1.137782	1.137871	1.137915	1.137932	1.137935	1.137931	1.137927	1.137923	1.137921	1.137919	1.137918	1.137918	1.137918	1.137918	1.137918	1.137918	1.137918	1.137918	1.137918	1.137918	1.137918	1.137918	1.137918	1.137918	1.137918	1.137918	1.137918	1.137918	1.137918	1.137918	0.300000	0.691230	0.981238	1.171630	1.223999	1.088474	0.884944	0.779579	0.749220	0.749040	0.758246	0.768510	0.776829	0.782532	0.785935	0.787678	0.788389	0.788549	0.788471	0.788326	0.788193	0.788098	0.788041	0.788011	0.787999	0.787996	0.787997	0.788000	0.788002	0.788004	0.788005	0.788005	0.788005	0.788005	0.788005	0.788005	0.788005	0.788005	0.788005	0.788005	0.788005	0.788005	0.788005	0.788005	0.788005	0.788005	0.788005	0.788005	0.788005	0.788005	]
Aptitud 5.983021
Tiempo 9791.640625
Mejor solucion de la corrida 12, serie 1 
G = [3.057015	0.166551	-0.234902	0.199138	]
H = [2.766340	-1.108264	2.802963	2.365929	]
ALPHA = [18.618883	11.943658	]
BETA = [14.123303	13.882687	]
X = [0.700000	0.521058	0.526142	0.579033	0.684511	0.884874	1.223922	1.333462	1.134272	1.065584	1.092574	1.140391	1.154888	1.140516	1.128394	1.128315	1.133245	1.135736	1.134894	1.133463	1.133115	1.133534	1.133883	1.133880	1.133734	1.133664	1.133691	1.133732	1.133742	1.133729	1.133719	1.133719	1.133724	1.133726	1.133725	1.133723	1.133723	1.133724	1.133724	1.133724	1.133724	1.133724	1.133724	1.133724	1.133724	1.133724	1.133724	1.133724	1.133724	1.133724	0.300000	0.754324	1.220638	1.570475	1.667811	1.431702	0.967337	0.690045	0.702548	0.788593	0.824053	0.802838	0.775732	0.771251	0.779846	0.785806	0.785145	0.782335	0.781237	0.781860	0.782613	0.782724	0.782466	0.782295	0.782318	0.782400	0.782430	0.782411	0.782389	0.782387	0.782394	0.782399	0.782398	0.782396	0.782395	0.782396	0.782396	0.782396	0.782396	0.782396	0.782396	0.782396	0.782396	0.782396	0.782396	0.782396	0.782396	0.782396	0.782396	0.782396	]
Aptitud 5.436588
Tiempo 9800.149414
Mejor solucion de la corrida 13, serie 1 
G = [0.613874	3.126813	-4.045008	-0.082955	]
H = [0.424765	0.741278	-0.495262	2.839341	]
ALPHA = [8.555673	1.038421	]
BETA = [5.401085	1.714373	]
X = [0.700000	0.624483	0.574894	0.651347	0.857793	1.090247	1.300514	1.476893	1.618772	1.728710	1.810056	1.866185	1.900239	1.915070	1.913232	1.897007	1.868434	1.829337	1.781356	1.725969	1.664514	1.598215	1.528194	1.455496	1.381109	1.305991	1.231105	1.157473	1.086257	1.018891	0.957272	0.904018	0.862668	0.837492	0.832350	0.848558	0.883227	0.929957	0.981355	1.031209	1.075294	1.111226	1.137990	1.155486	1.164186	1.164906	1.158652	1.146533	1.129711	1.109364	0.300000	0.531842	0.854346	1.098432	1.127883	1.082736	1.029787	0.981656	0.939555	0.902718	0.870204	0.841221	0.815151	0.791522	0.769978	0.750249	0.732133	0.715490	0.700227	0.686301	0.673719	0.662540	0.652889	0.644974	0.639101	0.635715	0.635433	0.639091	0.647777	0.662822	0.685648	0.717303	0.757485	0.803145	0.847819	0.883596	0.905297	0.912753	0.909225	0.898697	0.884392	0.868496	0.852378	0.836874	0.822497	0.809579	0.798358	0.789021	0.781740	0.776673	]
Aptitud 2.089666
Tiempo 9828.996094
Mejor solucion de la corrida 14, serie 1 
G = [1.802113	3.712322	-3.546748	1.387275	]
H = [1.377515	2.492147	-1.679124	3.072348	]
ALPHA = [17.008591	6.503542	]
BETA = [13.693118	8.356685	]
X = [0.700000	0.677909	0.649126	0.779977	1.038195	1.259291	1.436426	1.576455	1.684893	1.765656	1.821779	1.855913	1.870580	1.868289	1.851541	1.822796	1.784404	1.738541	1.687150	1.631913	1.574227	1.515217	1.455752	1.396481	1.337871	1.280258	1.223910	1.169100	1.116230	1.065999	1.019679	0.979462	0.948725	0.931630	0.931300	0.947154	0.974169	1.005334	1.034695	1.058635	1.075644	1.085635	1.089323	1.087813	1.082346	1.074165	1.064443	1.054244	1.044505	1.035999	0.300000	0.535931	1.006561	1.200117	1.064730	0.955135	0.880329	0.826211	0.784695	0.751374	0.723705	0.700136	0.679675	0.661677	0.645718	0.631527	0.618946	0.607905	0.598403	0.590505	0.584335	0.580075	0.577974	0.578357	0.581638	0.588341	0.599125	0.614800	0.636317	0.664674	0.700603	0.743835	0.791785	0.838280	0.874554	0.894014	0.896565	0.887262	0.872009	0.855119	0.839115	0.825290	0.814235	0.806165	0.801083	0.798855	0.799229	0.801838	0.806196	0.811708	]
Aptitud 2.515756
Tiempo 9906.977539
Mejor solucion de la corrida 15, serie 1 
G = [1.250883	1.017462	2.324846	-1.982225	]
H = [2.159313	-1.857798	3.330123	1.939598	]
ALPHA = [8.677653	6.430612	]
BETA = [3.616760	14.543013	]
X = [0.700000	0.437264	0.535357	0.653077	0.783276	0.906785	1.003174	1.068662	1.111287	1.138530	1.155647	1.166260	1.172775	1.176741	1.179134	1.180556	1.181380	1.181830	1.182041	1.182091	1.182027	1.181869	1.181625	1.181291	1.180850	1.180276	1.179530	1.178549	1.177238	1.175452	1.172957	1.169370	1.164059	1.156015	1.143918	1.127324	1.110305	1.101034	1.098779	1.097831	1.097193	1.096784	1.096514	1.096335	1.096216	1.096137	1.096084	1.096049	1.096025	1.096010	0.300000	0.937713	0.944661	0.938643	0.910376	0.865731	0.827583	0.805959	0.794453	0.787937	0.784120	0.781866	0.780544	0.779791	0.779394	0.779225	0.779212	0.779314	0.779512	0.779798	0.780180	0.780669	0.781288	0.782071	0.783064	0.784334	0.785977	0.788132	0.791010	0.794938	0.800437	0.808365	0.820142	0.838048	0.865117	0.902580	0.941797	0.964653	0.971906	0.975618	0.978122	0.979769	0.980865	0.981595	0.982083	0.982408	0.982626	0.982771	0.982869	0.982934	]
Aptitud 4.945068
Tiempo 9823.288086
Mejor solucion de la corrida 16, serie 1 
G = [0.000000	3.666870	-4.076073	0.105519	]
H = [-0.441819	-1.490072	2.075187	2.121863	]
ALPHA = [1.327651	1.262277	]
BETA = [0.637851	0.877415	]
X = [0.700000	0.587253	0.573282	0.684672	0.902767	1.133688	1.325756	1.465949	1.560144	1.619439	1.653714	1.670104	1.673377	1.666647	1.651964	1.630712	1.603867	1.572158	1.536164	1.496390	1.453307	1.407389	1.359140	1.309116	1.257947	1.206354	1.155162	1.105310	1.057847	1.013926	0.974783	0.941728	0.916122	0.899349	0.892695	0.897100	0.912771	0.938837	0.973282	1.013259	1.055642	1.097556	1.136717	1.171554	1.201160	1.225161	1.243562	1.256610	1.264687	1.268239	0.300000	0.601445	1.077444	1.432677	1.528341	1.490502	1.394744	1.277617	1.160557	1.054103	0.961684	0.883173	0.817082	0.761617	0.715107	0.676137	0.643565	0.616491	0.594228	0.576267	0.562257	0.551986	0.545379	0.542490	0.543515	0.548795	0.558823	0.574235	0.595778	0.624218	0.660176	0.703856	0.754687	0.810942	0.869531	0.926209	0.976350	1.016052	1.043041	1.056906	1.058726	1.050468	1.034438	1.012908	0.987909	0.961127	0.933892	0.907203	0.881776	0.858104	]
Aptitud 1.236092
Tiempo 9799.924805
Mejor solucion de la corrida 17, serie 1 
G = [0.485659	1.465155	-3.759289	0.657263	]
H = [-0.143464	-1.642866	1.719000	3.247720	]
ALPHA = [1.957005	1.373241	]
BETA = [1.134981	1.128469	]
X = [0.700000	0.482121	0.481341	0.623433	0.836306	1.042228	1.213467	1.349656	1.456324	1.538725	1.600900	1.645855	1.675856	1.692659	1.697679	1.692094	1.676924	1.653085	1.621426	1.582764	1.537907	1.487683	1.432963	1.374691	1.313912	1.251804	1.189717	1.129185	1.071938	1.019855	0.974862	0.938764	0.913028	0.898576	0.895649	0.903771	0.921811	0.948116	0.980703	1.017460	1.056346	1.095527	1.133468	1.168956	1.201089	1.229240	1.253011	1.272189	1.286706	1.296607	0.300000	0.572319	1.543004	2.270365	2.217571	1.905635	1.611924	1.385066	1.215107	1.086390	0.986928	0.908510	0.845595	0.794397	0.752279	0.717368	0.688314	0.664131	0.644102	0.627709	0.614595	0.604543	0.597459	0.593376	0.592465	0.595050	0.601628	0.612886	0.629687	0.652984	0.683629	0.722014	0.767580	0.818383	0.870988	0.920946	0.963781	0.996060	1.016066	1.023855	1.020843	1.009191	0.991260	0.969245	0.944975	0.919876	0.894986	0.871032	0.848492	0.827670	]
Aptitud 1.349118
Tiempo 9817.104492
Mejor solucion de la corrida 18, serie 1 
G = [1.006583	4.036016	-2.800992	0.156703	]
H = [0.000000	-0.191357	-0.071906	2.036587	]
ALPHA = [2.152427	2.693840	]
BETA = [1.690150	2.605469	]
X = [0.700000	0.622671	0.571078	0.600964	0.781683	1.057720	1.324955	1.537077	1.688658	1.788711	1.848620	1.878271	1.885328	1.875493	1.852948	1.820763	1.781208	1.735987	1.686401	1.633462	1.577984	1.520640	1.462009	1.402615	1.342958	1.283545	1.224919	1.167697	1.112616	1.060588	1.012771	0.970639	0.936027	0.911074	0.897950	0.898288	0.912393	0.938650	0.973604	1.012792	1.051852	1.087343	1.117049	1.139888	1.155637	1.164641	1.167575	1.165275	1.158634	1.148547	0.300000	0.584257	0.967356	1.336740	1.461731	1.393590	1.277748	1.165916	1.068554	0.985840	0.915838	0.856478	0.805996	0.762980	0.726328	0.695193	0.668927	0.647053	0.629225	0.615217	0.604908	0.598270	0.595370	0.596368	0.601514	0.611153	0.625718	0.645711	0.671661	0.704043	0.743107	0.788618	0.839468	0.893244	0.946003	0.992675	1.028319	1.049804	1.056791	1.051394	1.036973	1.016979	0.994303	0.971099	0.948850	0.928528	0.910736	0.895833	0.884008	0.875342	]
Aptitud 1.112427
Tiempo 9799.992188
Mejor solucion de la corrida 19, serie 1 
G = [2.016170	-0.178767	-1.841746	0.931823	]
H = [2.195739	-1.523492	0.000000	2.031356	]
ALPHA = [9.172107	7.484971	]
BETA = [6.429759	7.939786	]
X = [0.700000	0.546140	0.574446	0.649613	0.757713	0.903018	1.089359	1.302830	1.487908	1.558797	1.486726	1.339313	1.197384	1.097949	1.044533	1.028255	1.038160	1.063995	1.096360	1.126819	1.148817	1.159010	1.157867	1.148833	1.136497	1.124874	1.116490	1.112278	1.111921	1.114345	1.118179	1.122135	1.125256	1.127051	1.127479	1.126836	1.125587	1.124204	1.123051	1.122330	1.122082	1.122225	1.122611	1.123079	1.123496	1.123779	1.123901	1.123880	1.123764	1.123607	0.300000	0.643640	1.182975	1.568189	1.627627	1.487223	1.284863	1.090509	0.930568	0.811417	0.731880	0.689022	0.679196	0.696305	0.730371	0.768772	0.800101	0.817869	0.821445	0.814323	0.801557	0.787830	0.776498	0.769351	0.766756	0.767989	0.771667	0.776229	0.780336	0.783143	0.784363	0.784175	0.783039	0.781500	0.780036	0.778966	0.778422	0.778377	0.778696	0.779198	0.779711	0.780112	0.780341	0.780393	0.780309	0.780148	0.779970	0.779822	0.779730	0.779699	]
Aptitud 4.990488
Tiempo 9760.748047
Mejor solucion de la corrida 20, serie 1 
G = [2.278713	2.254844	-0.526569	0.683074	]
H = [1.496071	-3.286019	0.971823	1.691578	]
ALPHA = [2.554136	15.968447	]
BETA = [0.712933	16.991909	]
X = [0.700000	0.511210	0.525074	0.591175	0.721443	0.900143	1.074743	1.199954	1.258446	1.256638	1.220086	1.176970	1.143386	1.123451	1.115303	1.115255	1.119609	1.125388	1.130597	1.134237	1.136117	1.136559	1.136100	1.135257	1.134410	1.133769	1.133397	1.133264	1.133294	1.133407	1.133538	1.133647	1.133717	1.133749	1.133752	1.133738	1.133718	1.133701	1.133688	1.133681	1.133680	1.133681	1.133684	1.133687	1.133689	1.133690	1.133691	1.133690	1.133690	1.133690	0.300000	0.760019	1.302711	1.682484	1.716590	1.474898	1.176296	0.948446	0.807584	0.735124	0.710368	0.715292	0.734749	0.757269	0.775765	0.787312	0.792066	0.791857	0.788951	0.785268	0.782052	0.779872	0.778790	0.778574	0.778887	0.779413	0.779929	0.780313	0.780531	0.780604	0.780579	0.780507	0.780426	0.780360	0.780319	0.780301	0.780300	0.780309	0.780321	0.780332	0.780340	0.780344	0.780345	0.780344	0.780342	0.780340	0.780339	0.780338	0.780338	0.780338	]
Aptitud 5.158657
Tiempo 9800.086914

**************************************************
Estadisticas sobre el error cuadratico medio de las corridas
Maximo 5.983021
Minimo 0.817868
Promedio 3.456076
Desviacion Estandar 1.857751
Promedio tiempos 9821.581055
**************************************************
Archivo Instancias/Tominaga2SSGeneratedData.txt, Poblacion 64, Generaciones 500, Diversidad 50, GPUs 1
**************************************************
