Mejor solucion de la corrida 1, serie 1 
G = [-0.851088	3.720497	-1.775982	-0.650362	]
H = [-1.754595	-0.153208	0.000000	0.506956	]
ALPHA = [1.825684	3.755850	]
BETA = [1.905628	3.651399	]
X = [0.700000	0.510966	0.351887	0.749864	1.094063	1.321487	1.470408	1.566355	1.625782	1.659658	1.675462	1.678353	1.671902	1.658579	1.640083	1.617584	1.591878	1.563511	1.532851	1.500149	1.465567	1.429215	1.391157	1.351437	1.310084	1.267131	1.222636	1.176707	1.129546	1.081519	1.033249	0.985780	0.940773	0.900735	0.869111	0.849918	0.846561	0.860046	0.887883	0.924868	0.965135	1.003862	1.037902	1.065624	1.086489	1.100629	1.108550	1.110931	1.108513	1.102042	0.300000	0.757884	1.349407	1.596655	1.542693	1.445841	1.339715	1.234276	1.133754	1.040302	0.955118	0.878864	0.811854	0.754142	0.705570	0.665797	0.634335	0.610585	0.593883	0.583545	0.578914	0.579400	0.584505	0.593844	0.607150	0.624276	0.645197	0.669995	0.698852	0.732024	0.769786	0.812338	0.859607	0.910928	0.964587	1.017401	1.064833	1.102100	1.125934	1.135673	1.132945	1.120571	1.101585	1.078712	1.054186	1.029747	1.006712	0.986041	0.968411	0.954268	]
Aptitud 0.281482
Tiempo 63061.671875
Mejor solucion de la corrida 2, serie 1 
G = [-0.136004	2.965814	-2.390474	0.403469	]
H = [-1.215884	-0.659113	0.671799	2.223334	]
ALPHA = [1.517449	2.616241	]
BETA = [1.475807	2.272512	]
X = [0.700000	0.501862	0.370008	0.662364	1.093812	1.363791	1.519044	1.608544	1.659649	1.686948	1.698509	1.699031	1.691393	1.677439	1.658400	1.635130	1.608239	1.578177	1.545292	1.509858	1.472106	1.432240	1.390454	1.346947	1.301939	1.255687	1.208515	1.160836	1.113197	1.066334	1.021234	0.979213	0.941976	0.911621	0.890481	0.880719	0.883638	0.898979	0.924647	0.957168	0.992654	1.027692	1.059822	1.087579	1.110297	1.127862	1.140493	1.148587	1.152621	1.153098	0.300000	0.548986	1.336380	2.055182	1.869539	1.594290	1.367755	1.195085	1.063812	0.962601	0.883287	0.820238	0.769564	0.728545	0.695246	0.668276	0.646623	0.629552	0.616533	0.607198	0.601306	0.598728	0.599431	0.603476	0.611014	0.622290	0.637647	0.657524	0.682447	0.713001	0.749753	0.793098	0.842987	0.898502	0.957364	1.015628	1.068027	1.109242	1.135623	1.146285	1.142944	1.128840	1.107581	1.082375	1.055727	1.029419	1.004635	0.982108	0.962257	0.945290	]
Aptitud 0.286181
Tiempo 47962.613281
Mejor solucion de la corrida 3, serie 1 
G = [1.709348	1.228619	-1.301561	0.118664	]
H = [0.757749	-1.118042	2.205007	3.296182	]
ALPHA = [7.605140	5.567847	]
BETA = [4.760566	7.918738	]
X = [0.700000	0.466977	0.446627	0.525958	0.691174	0.902145	1.092089	1.217532	1.270277	1.267077	1.233192	1.190490	1.152895	1.126791	1.113221	1.110107	1.113977	1.121205	1.128830	1.134955	1.138774	1.140333	1.140184	1.139051	1.137591	1.136269	1.135332	1.134839	1.134724	1.134860	1.135116	1.135386	1.135601	1.135735	1.135790	1.135785	1.135745	1.135693	1.135647	1.135614	1.135596	1.135592	1.135597	1.135606	1.135616	1.135623	1.135628	1.135630	1.135630	1.135628	0.300000	0.755093	1.327160	1.674915	1.583160	1.277870	1.018731	0.855028	0.764218	0.721611	0.710208	0.718152	0.736209	0.756870	0.774594	0.786329	0.791539	0.791516	0.788355	0.784072	0.780116	0.777257	0.775697	0.775261	0.775595	0.776313	0.777097	0.777743	0.778157	0.778338	0.778338	0.778230	0.778083	0.777945	0.777844	0.777789	0.777774	0.777785	0.777811	0.777839	0.777861	0.777876	0.777882	0.777882	0.777879	0.777873	0.777869	0.777865	0.777863	0.777862	]
Aptitud 5.203576
Tiempo 68238.070312
Mejor solucion de la corrida 4, serie 1 
G = [0.079018	3.895476	-0.840012	-0.840232	]
H = [-0.976714	0.708278	0.000000	-0.401332	]
ALPHA = [1.629050	13.052150	]
BETA = [2.172241	11.968042	]
X = [0.700000	0.631568	0.561218	0.566326	0.713143	0.975323	1.251199	1.470539	1.613642	1.689539	1.717172	1.715266	1.697636	1.672746	1.645074	1.616399	1.587168	1.557356	1.526835	1.495498	1.463270	1.430106	1.395987	1.360922	1.324950	1.288155	1.250679	1.212741	1.174674	1.136949	1.100222	1.065377	1.033546	1.006113	0.984641	0.970694	0.965538	0.969757	0.982896	1.003331	1.028473	1.055260	1.080770	1.102690	1.119557	1.130748	1.136318	1.136785	1.132930	1.125643	0.300000	0.898694	1.205713	1.452558	1.591168	1.604092	1.531430	1.411865	1.269000	1.117665	0.968815	0.834580	0.717498	0.627142	0.565972	0.531195	0.516479	0.515182	0.522327	0.534826	0.550968	0.569878	0.591160	0.614677	0.640438	0.668529	0.699066	0.732170	0.767927	0.806350	0.847324	0.890539	0.935399	0.980941	1.025759	1.068007	1.105521	1.136096	1.157883	1.169784	1.171690	1.164486	1.149845	1.129917	1.107019	1.083375	1.060934	1.041255	1.025446	1.014166	]
Aptitud 1.465863
Tiempo 47766.824219
Mejor solucion de la corrida 5, serie 1 
G = [1.415038	2.332706	-1.214112	-0.188546	]
H = [0.192509	0.269334	0.865647	2.500265	]
ALPHA = [9.736146	5.032416	]
BETA = [7.202419	7.377758	]
X = [0.700000	0.522773	0.380962	0.296563	0.299590	0.482165	0.914725	1.358720	1.638323	1.779575	1.835986	1.842741	1.820192	1.780210	1.729983	1.674042	1.615350	1.555908	1.497108	1.439942	1.385136	1.333230	1.284632	1.239654	1.198527	1.161414	1.128416	1.099568	1.074843	1.054143	1.037301	1.024083	1.014188	1.007262	1.002907	1.000702	1.000220	1.001047	1.002802	1.005144	1.007786	1.010499	1.013108	1.015491	1.017572	1.019311	1.020700	1.021754	1.022501	1.022982	0.300000	0.689635	1.124462	1.601501	1.973106	1.897756	1.442636	1.053056	0.826319	0.700673	0.630048	0.590664	0.570221	0.561951	0.561884	0.567563	0.577393	0.590297	0.605517	0.622490	0.640777	0.660008	0.679850	0.699987	0.720103	0.739880	0.758999	0.777143	0.794012	0.809341	0.822911	0.834570	0.844242	0.851935	0.857735	0.861798	0.864334	0.865587	0.865814	0.865269	0.864187	0.862772	0.861197	0.859595	0.858066	0.856678	0.855472	0.854469	0.853671	0.853068	]
Aptitud 3.307070
Tiempo 48562.480469
Mejor solucion de la corrida 6, serie 1 
G = [1.223706	3.823630	-2.954396	0.122224	]
H = [-0.180023	0.000000	-0.991776	1.522611	]
ALPHA = [1.936267	4.408007	]
BETA = [2.008430	4.489857	]
X = [0.700000	0.618387	0.578664	0.669958	0.889214	1.132291	1.345146	1.514615	1.642026	1.732861	1.793255	1.828836	1.844404	1.843912	1.830560	1.806912	1.775010	1.736479	1.692614	1.644449	1.592818	1.538400	1.481763	1.423396	1.363743	1.303233	1.242317	1.181513	1.121466	1.063022	1.007344	0.956045	0.911323	0.875993	0.853217	0.845671	0.854223	0.876893	0.909091	0.945138	0.979955	1.009978	1.033269	1.049171	1.057893	1.060148	1.056909	1.049256	1.038290	1.025093	0.300000	0.759718	1.278330	1.557646	1.513461	1.382198	1.258032	1.153531	1.066211	0.992350	0.929011	0.874085	0.826078	0.783927	0.746867	0.714355	0.686006	0.661561	0.640863	0.623849	0.610535	0.601024	0.595504	0.594259	0.597679	0.606272	0.620678	0.641670	0.670140	0.707021	0.753122	0.808763	0.873128	0.943342	1.013640	1.075682	1.121023	1.144850	1.147911	1.135050	1.112305	1.084886	1.056546	1.029727	1.005927	0.986021	0.970493	0.959566	0.953279	0.951513	]
Aptitud 0.502507
Tiempo 69004.484375
Mejor solucion de la corrida 7, serie 1 
G = [1.687465	4.442685	-3.489326	0.653608	]
H = [0.462510	-0.655961	-1.120609	1.803721	]
ALPHA = [0.943122	4.507918	]
BETA = [0.983157	4.388314	]
X = [0.700000	0.645360	0.630170	0.726332	0.968225	1.226132	1.438822	1.598543	1.711380	1.785739	1.829411	1.848917	1.849503	1.835310	1.809584	1.774869	1.733165	1.686059	1.634831	1.580530	1.524042	1.466136	1.407503	1.348786	1.290603	1.233563	1.178280	1.125381	1.075518	1.029394	0.987795	0.951661	0.922176	0.900826	0.889287	0.888964	0.900140	0.921221	0.948788	0.978624	1.006957	1.031183	1.049950	1.062892	1.070284	1.072757	1.071102	1.066160	1.058753	1.049658	0.300000	0.674564	1.261898	1.662765	1.609131	1.444787	1.301644	1.187387	1.094867	1.018007	0.952706	0.896254	0.846827	0.803174	0.764419	0.729951	0.699345	0.672324	0.648728	0.628506	0.611704	0.598474	0.589076	0.583897	0.583464	0.588461	0.599741	0.618321	0.645338	0.681928	0.728985	0.786726	0.854014	0.927539	1.001238	1.066802	1.115975	1.143855	1.150720	1.140930	1.120296	1.094048	1.066056	1.038879	1.014088	0.992600	0.974911	0.961251	0.951680	0.946124	]
Aptitud 0.725374
Tiempo 55997.222656
Mejor solucion de la corrida 8, serie 1 
G = [1.075921	3.000838	-2.726366	-1.095895	]
H = [-2.294064	-1.298453	2.424356	2.576766	]
ALPHA = [1.926794	1.962776	]
BETA = [0.784475	4.452560	]
X = [0.700000	0.489413	0.368874	0.394368	0.732850	1.105191	1.264772	1.323408	1.343622	1.345943	1.338450	1.325080	1.308070	1.288818	1.268245	1.246983	1.225479	1.204058	1.182967	1.162397	1.142507	1.123429	1.105277	1.088149	1.072130	1.057292	1.043690	1.031366	1.020341	1.010617	1.002179	0.994985	0.988979	0.984083	0.980206	0.977242	0.975080	0.973604	0.972701	0.972259	0.972178	0.972365	0.972742	0.973239	0.973802	0.974388	0.974963	0.975504	0.975994	0.976426	0.300000	0.911163	1.548635	2.131190	2.045914	1.460854	1.034258	0.811864	0.691865	0.624331	0.586378	0.566371	0.557799	0.556762	0.560820	0.568393	0.578439	0.590251	0.603335	0.617331	0.631969	0.647027	0.662315	0.677662	0.692903	0.707881	0.722440	0.736431	0.749712	0.762152	0.773640	0.784084	0.793420	0.801612	0.808655	0.814574	0.819420	0.823270	0.826217	0.828369	0.829837	0.830736	0.831176	0.831257	0.831073	0.830702	0.830212	0.829657	0.829081	0.828516	]
Aptitud 3.738564
Tiempo 48752.136719
Mejor solucion de la corrida 9, serie 1 
G = [0.924302	2.986606	-3.143750	0.885863	]
H = [-0.537562	-1.002455	-0.226970	2.781710	]
ALPHA = [1.560609	2.706783	]
BETA = [1.364725	2.793584	]
X = [0.700000	0.514930	0.461866	0.689033	1.026109	1.265595	1.429847	1.544068	1.623838	1.678679	1.714669	1.735862	1.745075	1.744331	1.735127	1.718597	1.695624	1.666909	1.633024	1.594449	1.551603	1.504868	1.454611	1.401206	1.345062	1.286651	1.226546	1.165466	1.104333	1.044345	0.987050	0.934434	0.888962	0.853554	0.831317	0.824858	0.835097	0.860195	0.895706	0.936125	0.976605	1.013792	1.045801	1.071820	1.091716	1.105741	1.114343	1.118064	1.117480	1.113177	0.300000	0.544553	1.535434	2.075243	1.713121	1.439149	1.256471	1.127171	1.030501	0.955199	0.894726	0.845041	0.803514	0.768365	0.738347	0.712572	0.690398	0.671362	0.655137	0.641507	0.630351	0.621638	0.615428	0.611882	0.611280	0.614052	0.620817	0.632438	0.650087	0.675295	0.709944	0.756062	0.815192	0.887010	0.967256	1.046273	1.110945	1.150829	1.163554	1.154206	1.130705	1.100074	1.067183	1.034958	1.004989	0.978054	0.954477	0.934346	0.917633	0.904261	]
Aptitud 0.262291
Tiempo 61597.714844
Mejor solucion de la corrida 10, serie 1 
G = [1.798996	3.882034	-4.466592	0.101811	]
H = [2.169236	0.483585	0.087760	1.802095	]
ALPHA = [2.406762	1.743359	]
BETA = [1.351724	1.612156	]
X = [0.700000	0.686295	0.685499	0.732919	0.863150	1.071104	1.319685	1.565011	1.768924	1.908503	1.979595	1.992094	1.961841	1.904349	1.831900	1.753062	1.673303	1.595844	1.522419	1.453826	1.390308	1.331798	1.278069	1.228837	1.183821	1.142781	1.105549	1.072056	1.042348	1.016602	0.995141	0.978421	0.966996	0.961435	0.962176	0.969355	0.982626	1.001073	1.023247	1.047350	1.071492	1.093960	1.113408	1.128957	1.140189	1.147089	1.149943	1.149234	1.145553	1.139528	0.300000	0.615327	0.946528	1.212655	1.322657	1.305725	1.238275	1.160041	1.084280	1.014684	0.951940	0.895796	0.845735	0.801209	0.761727	0.726889	0.696391	0.670024	0.647664	0.629265	0.614851	0.604505	0.598357	0.596579	0.599364	0.606909	0.619385	0.636897	0.659421	0.686728	0.718281	0.753136	0.789860	0.826547	0.860964	0.890867	0.914411	0.930515	0.939005	0.940519	0.936230	0.927538	0.915832	0.902347	0.888107	0.873926	0.860425	0.848068	0.837190	0.828025	]
Aptitud 2.006966
Tiempo 49857.636719
Mejor solucion de la corrida 11, serie 1 
G = [0.692235	3.161695	-2.506955	0.784626	]
H = [-0.788631	-0.916240	-0.604595	2.115951	]
ALPHA = [1.546830	4.252263	]
BETA = [1.434971	4.309484	]
X = [0.700000	0.504626	0.444164	0.685030	1.033661	1.287172	1.459368	1.576162	1.655052	1.707071	1.739297	1.756417	1.761629	1.757185	1.744707	1.725393	1.700149	1.669676	1.634533	1.595175	1.551995	1.505345	1.455563	1.402996	1.348025	1.291091	1.232734	1.173630	1.114644	1.056891	1.001811	0.951233	0.907419	0.872998	0.850673	0.842556	0.849217	0.868964	0.898069	0.931923	0.966332	0.998240	1.025809	1.048178	1.065141	1.076889	1.083835	1.086498	1.085448	1.081268	0.300000	0.593650	1.536461	1.971092	1.698263	1.455261	1.278773	1.147322	1.045821	0.965099	0.899437	0.845109	0.799594	0.761128	0.728449	0.700642	0.677035	0.657141	0.640616	0.627235	0.616874	0.609509	0.605209	0.604152	0.606630	0.613074	0.624076	0.640416	0.663073	0.693207	0.732043	0.780579	0.838974	0.905578	0.975854	1.042164	1.095596	1.129578	1.142613	1.137915	1.120886	1.096804	1.069741	1.042447	1.016620	0.993234	0.972804	0.955570	0.941605	0.930890	]
Aptitud 0.166769
Tiempo 58303.738281
Mejor solucion de la corrida 12, serie 1 
G = [0.786643	2.758022	-2.770792	0.579579	]
H = [-0.570382	-0.489652	-0.199098	2.756572	]
ALPHA = [2.517669	2.860662	]
BETA = [2.297289	2.995734	]
X = [0.700000	0.515011	0.424668	0.620897	0.958968	1.219013	1.405329	1.538669	1.633990	1.701140	1.746699	1.775207	1.789895	1.793129	1.786684	1.771922	1.749909	1.721496	1.687373	1.648115	1.604212	1.556095	1.504160	1.448790	1.390381	1.329367	1.266258	1.201687	1.136476	1.071725	1.008931	0.950137	0.898068	0.856163	0.828258	0.817642	0.825535	0.849915	0.885887	0.927484	0.969478	1.008215	1.041580	1.068613	1.089098	1.103257	1.111551	1.114564	1.112936	1.107327	0.300000	0.580574	1.454905	1.934950	1.633939	1.385852	1.215785	1.094063	1.002659	0.931398	0.874257	0.827468	0.788563	0.755861	0.728187	0.704704	0.684809	0.668071	0.654191	0.642978	0.634331	0.628238	0.624776	0.624114	0.626535	0.632453	0.642446	0.657294	0.678016	0.705888	0.742386	0.788939	0.846307	0.913343	0.985340	1.053247	1.105980	1.135774	1.141991	1.129822	1.106283	1.077352	1.047113	1.018011	0.991371	0.967841	0.947686	0.930972	0.917664	0.907683	]
Aptitud 0.234308
Tiempo 55188.187500
Mejor solucion de la corrida 13, serie 1 
G = [-0.566494	2.489041	-1.556802	-0.249593	]
H = [-1.497941	-0.170734	-0.169529	0.718390	]
ALPHA = [2.399877	5.991219	]
BETA = [2.433620	5.867500	]
X = [0.700000	0.491664	0.331881	0.654386	1.031284	1.293074	1.468509	1.583780	1.656900	1.700148	1.721980	1.728265	1.723100	1.709361	1.689073	1.663675	1.634198	1.601392	1.565810	1.527869	1.487893	1.446144	1.402847	1.358213	1.312461	1.265839	1.218655	1.171308	1.124329	1.078434	1.034574	0.993984	0.958192	0.928947	0.908004	0.896751	0.895740	0.904345	0.920767	0.942431	0.966564	0.990704	1.012972	1.032129	1.047504	1.058861	1.066274	1.070019	1.070498	1.068182	0.300000	0.777111	1.505015	1.890241	1.786712	1.617009	1.445359	1.286769	1.145596	1.022788	0.917921	0.829938	0.757473	0.699022	0.653040	0.618019	0.592539	0.575310	0.565200	0.561244	0.562652	0.568801	0.579226	0.593603	0.611732	0.633521	0.658958	0.688091	0.720979	0.757640	0.797955	0.841543	0.887591	0.934680	0.980692	1.022917	1.058480	1.085001	1.101203	1.107162	1.104107	1.093964	1.078889	1.060930	1.041849	1.023048	1.005582	0.990194	0.977362	0.967349	]
Aptitud 0.327254
Tiempo 57212.914062
Mejor solucion de la corrida 14, serie 1 
G = [2.078261	3.793229	-4.764952	-0.336672	]
H = [1.499356	1.783958	1.342294	2.871650	]
ALPHA = [2.336180	1.752739	]
BETA = [2.630951	1.221122	]
X = [0.700000	0.684089	0.669942	0.713391	0.869050	1.129482	1.422916	1.661287	1.804354	1.864683	1.870855	1.846149	1.805288	1.756746	1.705217	1.653229	1.602103	1.552474	1.504599	1.458520	1.414161	1.371388	1.330039	1.289949	1.250963	1.212951	1.175821	1.139532	1.104119	1.069718	1.036609	1.005262	0.976403	0.951077	0.930682	0.916917	0.911567	0.916048	0.930785	0.954683	0.985043	1.018100	1.049942	1.077382	1.098445	1.112388	1.119434	1.120396	1.116365	1.108482	0.300000	0.790805	1.216705	1.525418	1.596798	1.493089	1.331156	1.172838	1.040976	0.937951	0.858703	0.797404	0.749425	0.711462	0.681232	0.657168	0.638199	0.623592	0.612858	0.605681	0.601881	0.601382	0.604193	0.610400	0.620158	0.633688	0.651271	0.673248	0.700004	0.731943	0.769438	0.812728	0.861749	0.915863	0.973498	1.031793	1.086509	1.132545	1.165237	1.181911	1.182760	1.170464	1.148997	1.122414	1.094114	1.066596	1.041519	1.019892	1.002262	0.988878	]
Aptitud 1.140399
Tiempo 47953.425781
Mejor solucion de la corrida 15, serie 1 
G = [-0.093238	2.536879	-2.344945	0.000000	]
H = [-0.986517	-1.029739	0.414633	2.115408	]
ALPHA = [2.192044	1.973194	]
BETA = [1.735709	2.031914	]
X = [0.700000	0.405617	0.372028	0.692328	1.016718	1.261356	1.435929	1.558749	1.644203	1.702278	1.739754	1.761269	1.770049	1.768383	1.757933	1.739932	1.715316	1.684817	1.649021	1.608422	1.563449	1.514503	1.461980	1.406295	1.347916	1.287390	1.225391	1.162761	1.100574	1.040201	0.983382	0.932261	0.889346	0.857312	0.838555	0.834528	0.845109	0.868372	0.900994	0.939086	0.978996	1.017802	1.053449	1.084671	1.110813	1.131655	1.147264	1.157888	1.163881	1.165658	0.300000	0.643827	1.604911	1.809572	1.677845	1.506418	1.350118	1.217905	1.108255	1.017545	0.942248	0.879436	0.826798	0.782544	0.745297	0.714003	0.687853	0.666237	0.648703	0.634932	0.624715	0.617948	0.614622	0.614827	0.618750	0.626684	0.639030	0.656297	0.679078	0.707989	0.743539	0.785877	0.834395	0.887258	0.941086	0.991224	1.032817	1.062295	1.078345	1.081856	1.075113	1.060893	1.041828	1.020108	0.997412	0.974958	0.953587	0.933865	0.916153	0.900671	]
Aptitud 0.263727
Tiempo 56503.312500
Mejor solucion de la corrida 16, serie 1 
G = [0.000000	2.620601	-3.012833	-0.153466	]
H = [-1.062510	-0.120559	0.901467	2.778517	]
ALPHA = [2.607412	1.784165	]
BETA = [2.586732	1.648793	]
X = [0.700000	0.521720	0.403542	0.671116	1.059552	1.327788	1.496012	1.600915	1.665940	1.704760	1.725497	1.733173	1.731025	1.721219	1.705250	1.684178	1.658771	1.629597	1.597080	1.561543	1.523238	1.482359	1.439070	1.393510	1.345812	1.296123	1.244622	1.191550	1.137264	1.082295	1.027461	0.974012	0.923834	0.879669	0.845217	0.824795	0.822175	0.838711	0.871989	0.916403	0.965321	1.013125	1.056084	1.092245	1.120926	1.142218	1.156616	1.164791	1.167462	1.165339	0.300000	0.662257	1.465447	1.902143	1.705596	1.466048	1.274806	1.130620	1.021300	0.936849	0.870347	0.817125	0.774003	0.738778	0.709893	0.686231	0.666985	0.651570	0.639567	0.630691	0.624759	0.621683	0.621459	0.624167	0.629974	0.639145	0.652053	0.669197	0.691223	0.718927	0.753238	0.795123	0.845333	0.903846	0.968920	1.035958	1.097243	1.143945	1.170021	1.174809	1.162189	1.137881	1.107240	1.074328	1.041852	1.011451	0.984031	0.960035	0.939632	0.922841	]
Aptitud 0.123841
Tiempo 63939.800781
Mejor solucion de la corrida 17, serie 1 
G = [0.343692	4.419630	-1.346518	0.533325	]
H = [-1.009770	-1.738881	-0.815198	0.911671	]
ALPHA = [0.993206	13.069931	]
BETA = [0.843502	13.095500	]
X = [0.700000	0.436470	0.386439	0.626497	1.017736	1.324047	1.526960	1.654658	1.732387	1.777184	1.799780	1.806806	1.802343	1.788922	1.768135	1.741017	1.708287	1.670490	1.628106	1.581602	1.531485	1.478321	1.422754	1.365510	1.307394	1.249283	1.192110	1.136848	1.084498	1.036080	0.992630	0.955198	0.924825	0.902478	0.888909	0.884448	0.888781	0.900827	0.918817	0.940578	0.963908	0.986894	1.008088	1.026543	1.041747	1.053527	1.061950	1.067234	1.069689	1.069678	0.300000	0.669513	1.387050	1.746571	1.659977	1.500790	1.350614	1.219612	1.107180	1.011105	0.929157	0.859386	0.800143	0.750051	0.707977	0.672991	0.644349	0.621461	0.603878	0.591276	0.583442	0.580264	0.581723	0.587874	0.598839	0.614779	0.635868	0.662241	0.693931	0.730785	0.772345	0.817727	0.865506	0.913656	0.959637	1.000682	1.034275	1.058684	1.073302	1.078667	1.076161	1.067597	1.054848	1.039608	1.023276	1.006942	0.991409	0.977243	0.964816	0.954351	]
Aptitud 0.251018
Tiempo 51080.054688
Mejor solucion de la corrida 18, serie 1 
G = [0.993407	3.738573	-3.110852	0.000000	]
H = [-0.383100	0.196189	-0.615979	1.615854	]
ALPHA = [1.825227	3.632776	]
BETA = [2.071047	3.637353	]
X = [0.700000	0.620494	0.571994	0.668083	0.915010	1.179052	1.396613	1.558172	1.670740	1.744297	1.787874	1.808723	1.812397	1.803068	1.783839	1.757015	1.724309	1.686993	1.646016	1.602086	1.555734	1.507359	1.457267	1.405694	1.352836	1.298874	1.243996	1.188436	1.132517	1.076730	1.021831	0.969013	0.920120	0.877904	0.846139	0.829191	0.830548	0.850571	0.885217	0.927361	0.969678	1.006776	1.035710	1.055508	1.066453	1.069494	1.065865	1.056874	1.043803	1.027878	0.300000	0.763566	1.302582	1.622523	1.576656	1.431182	1.292752	1.175452	1.077103	0.994013	0.923154	0.862268	0.809690	0.764182	0.724814	0.690883	0.661861	0.637352	0.617075	0.600846	0.588569	0.580232	0.575910	0.575771	0.580083	0.589234	0.603743	0.624288	0.651717	0.687050	0.731415	0.785871	0.850949	0.925743	1.006464	1.085105	1.150173	1.191246	1.204640	1.194466	1.168703	1.135057	1.099200	1.064763	1.033894	1.007802	0.987132	0.972198	0.963102	0.959791	]
Aptitud 0.618169
Tiempo 62856.589844
Mejor solucion de la corrida 19, serie 1 
G = [-512.034668	0.000000	-512.034668	0.000000	]
H = [0.000000	0.000000	0.000000	0.000000	]
ALPHA = [0.000000	0.000000	]
BETA = [0.000000	0.000000	]
X = [0.000000	0.000000	0.000000	0.000000	0.000000	0.000000	0.000000	0.000000	-3049.628906	0.000000	0.000000	0.000000	0.000000	0.000000	0.000000	0.000000	0.000000	0.000000	0.000000	0.000000	0.000000	0.000000	0.000000	0.000000	0.000000	0.000000	0.000000	0.000000	0.000000	0.000000	0.000000	0.000000	0.000000	0.000000	0.000000	0.000000	0.000000	0.000000	0.000000	0.000000	0.000000	0.000000	0.000000	0.000000	0.000000	0.000000	0.000000	0.000000	0.000000	0.000000	0.000000	0.000000	0.000000	0.000000	0.000000	0.000000	0.000000	0.000000	0.000000	0.000000	0.000000	0.000000	0.000000	0.000000	0.000000	0.000000	0.000000	0.000000	0.000000	0.000000	0.000000	0.000000	0.000000	0.000000	0.000000	0.000000	0.000000	0.000000	0.000000	0.000000	0.000000	0.000000	0.000000	0.000000	0.000000	0.000000	0.000000	0.000000	0.000000	0.000000	0.000000	0.000000	0.000000	0.000000	0.000000	0.000000	0.000000	0.000000	0.000000	0.000000	]
Aptitud 10.210855
Tiempo 0.000000
Mejor solucion de la corrida 20, serie 1 
G = [-131080.875000	0.000000	-640908.000000	0.000000	]
H = [0.000000	0.000000	0.000000	0.000000	]
ALPHA = [0.000000	0.000000	]
BETA = [0.000000	0.000000	]
X = [0.000000	0.000000	0.000000	0.000000	0.000000	0.000000	0.000000	0.000000	-234450.500000	0.000000	0.000000	0.000000	0.000000	0.000000	0.000000	0.000000	0.000000	0.000000	0.000000	0.000000	0.000000	0.000000	0.000000	0.000000	0.000000	0.000000	0.000000	0.000000	0.000000	0.000000	0.000000	0.000000	0.000000	0.000000	0.000000	0.000000	0.000000	0.000000	0.000000	0.000000	0.000000	0.000000	0.000000	0.000000	0.000000	0.000000	0.000000	0.000000	0.000000	0.000000	0.000000	0.000000	0.000000	0.000000	0.000000	0.000000	0.000000	0.000000	0.000000	0.000000	0.000000	0.000000	0.000000	0.000000	0.000000	0.000000	0.000000	0.000000	0.000000	0.000000	0.000000	0.000000	0.000000	0.000000	0.000000	0.000000	0.000000	0.000000	0.000000	0.000000	0.000000	0.000000	0.000000	0.000000	0.000000	0.000000	0.000000	0.000000	0.000000	0.000000	0.000000	0.000000	0.000000	0.000000	0.000000	0.000000	0.000000	0.000000	0.000000	0.000000	]
Aptitud 340282346638528859811704183484516925440.000000
Tiempo 0.000000

**************************************************
Estadisticas sobre el error cuadratico medio de las corridas
Maximo 340282346638528859811704183484516925440.000000
Minimo 0.123841
Promedio 17014117331926442990585209174225846272.000000
Desviacion Estandar inf
Promedio tiempos 50691.945312
**************************************************
Archivo Instancias/Tominaga2SSGeneratedData.txt, Poblacion 256, Generaciones 1000, Diversidad 50, GPUs 1
**************************************************
