Mejor solucion de la corrida 1, serie 1 
G = [0.587969	0.671885	0.094097	-0.174674	]
H = [1.777773	-3.384454	2.367720	0.781008	]
ALPHA = [3.207901	13.227802	]
BETA = [1.016135	12.644751	]
X = [0.700000	0.468034	0.537196	0.644360	0.780472	0.936120	1.093673	1.222876	1.272706	1.214964	1.138853	1.105896	1.105052	1.117141	1.129574	1.136391	1.137210	1.134823	1.132182	1.130748	1.130563	1.131030	1.131561	1.131859	1.131905	1.131814	1.131707	1.131644	1.131634	1.131651	1.131673	1.131686	1.131688	1.131685	1.131681	1.131678	1.131677	1.131678	1.131679	1.131680	1.131680	1.131680	1.131679	1.131679	1.131679	1.131679	1.131679	1.131679	1.131679	1.131679	0.300000	0.760676	1.163557	1.462100	1.616628	1.583120	1.362810	1.048177	0.792269	0.691631	0.706931	0.754945	0.790163	0.802370	0.797952	0.787785	0.779893	0.776929	0.777647	0.779655	0.781248	0.781867	0.781740	0.781338	0.781011	0.780878	0.780899	0.780979	0.781046	0.781074	0.781071	0.781055	0.781041	0.781035	0.781036	0.781039	0.781042	0.781043	0.781043	0.781042	0.781042	0.781042	0.781042	0.781042	0.781042	0.781042	0.781042	0.781042	0.781042	0.781042	]
Aptitud 5.192742
Tiempo 9944.034180
Mejor solucion de la corrida 2, serie 1 
G = [-0.515435	2.425848	-1.888493	1.233883	]
H = [-0.945194	1.034023	0.306056	2.834175	]
ALPHA = [5.976031	4.455486	]
BETA = [5.626746	4.148110	]
X = [0.700000	0.611106	0.479202	0.362963	1.249901	1.550379	1.664476	1.714231	1.734101	1.737553	1.730939	1.717638	1.699606	1.678041	1.653713	1.627129	1.598632	1.568456	1.536760	1.503654	1.469209	1.433478	1.396500	1.358310	1.318955	1.278507	1.237086	1.194892	1.152255	1.109705	1.068082	1.028672	0.993366	0.964737	0.945861	0.939582	0.947192	0.967247	0.995680	1.027382	1.057976	1.084665	1.106153	1.122180	1.133064	1.139390	1.141833	1.141066	1.137727	1.132404	0.300000	0.399732	0.618615	1.684174	1.751405	1.310814	1.085455	0.949811	0.859214	0.794649	0.746666	0.710027	0.681591	0.659363	0.642021	0.628662	0.618659	0.611575	0.607107	0.605061	0.605322	0.607847	0.612661	0.619847	0.629557	0.642009	0.657496	0.676391	0.699145	0.726264	0.758257	0.795491	0.837902	0.884509	0.932775	0.978229	1.015158	1.038719	1.047217	1.042555	1.028713	1.009855	0.989276	0.969177	0.950856	0.934988	0.921856	0.911515	0.903886	0.898819	]
Aptitud 1.533691
Tiempo 9944.189453
Mejor solucion de la corrida 3, serie 1 
G = [0.333550	2.271368	-3.097901	0.712518	]
H = [1.023076	-1.779353	-0.106662	3.070910	]
ALPHA = [6.816013	0.873161	]
BETA = [1.993226	1.355177	]
X = [0.700000	0.433384	0.417339	0.579836	0.846416	1.124808	1.376410	1.587923	1.755717	1.880369	1.964526	2.011919	2.026842	2.013832	1.977458	1.922180	1.852244	1.771612	1.683918	1.592452	1.500148	1.409599	1.323072	1.242527	1.169633	1.105772	1.052028	1.009148	0.977502	0.957026	0.947187	0.946985	0.955005	0.969531	0.988689	1.010605	1.033547	1.056023	1.076835	1.095102	1.110247	1.121967	1.130196	1.135059	1.136829	1.135886	1.132679	1.127697	1.121436	1.114379	0.300000	0.422288	0.807388	1.086492	1.124819	1.090908	1.044690	0.999640	0.958576	0.921760	0.888821	0.859286	0.832715	0.808740	0.787069	0.767477	0.749806	0.733954	0.719877	0.707590	0.697164	0.688729	0.682468	0.678606	0.677382	0.678996	0.683543	0.690919	0.700750	0.712359	0.724828	0.737136	0.748345	0.757749	0.764955	0.769872	0.772638	0.773533	0.772905	0.771110	0.768485	0.765323	0.761877	0.758355	0.754924	0.751720	0.748843	0.746370	0.744349	0.742807	]
Aptitud 3.172684
Tiempo 9898.694336
Mejor solucion de la corrida 4, serie 1 
G = [0.268722	-0.346897	-0.429450	0.572723	]
H = [0.227026	-0.958602	2.555197	2.221990	]
ALPHA = [12.283189	12.334434	]
BETA = [10.557594	12.922441	]
X = [0.700000	0.460846	0.497910	0.616001	0.759987	0.904551	1.027747	1.113634	1.158696	1.171447	1.165786	1.153837	1.142832	1.135535	1.131988	1.131095	1.131607	1.132576	1.133460	1.134048	1.134335	1.134408	1.134367	1.134289	1.134217	1.134170	1.134147	1.134141	1.134144	1.134151	1.134156	1.134160	1.134162	1.134162	1.134162	1.134162	1.134161	1.134161	1.134161	1.134161	1.134161	1.134161	1.134161	1.134161	1.134161	1.134161	1.134161	1.134161	1.134161	1.134161	0.300000	0.704440	1.303959	1.799041	1.831736	1.517068	1.191014	0.968143	0.839542	0.775038	0.749855	0.746538	0.753179	0.762221	0.769683	0.774248	0.776192	0.776419	0.775834	0.775071	0.774454	0.774082	0.773925	0.773906	0.773953	0.774014	0.774064	0.774094	0.774107	0.774108	0.774104	0.774099	0.774095	0.774093	0.774092	0.774092	0.774092	0.774092	0.774093	0.774093	0.774093	0.774093	0.774093	0.774093	0.774093	0.774093	0.774093	0.774093	0.774093	0.774093	]
Aptitud 5.059784
Tiempo 9918.527344
Mejor solucion de la corrida 5, serie 1 
G = [1.850347	2.926974	-3.980745	0.324366	]
H = [2.155962	1.810225	0.200117	1.319788	]
ALPHA = [2.857300	3.480189	]
BETA = [2.723499	2.396546	]
X = [0.700000	0.694176	0.703578	0.786812	0.991526	1.280338	1.558552	1.748805	1.833919	1.840077	1.801324	1.742478	1.677780	1.614273	1.554946	1.500717	1.451532	1.406926	1.366300	1.329053	1.294633	1.262566	1.232456	1.203986	1.176916	1.151086	1.126417	1.102921	1.080712	1.060027	1.041237	1.024868	1.011595	1.002215	0.997552	0.998312	1.004861	1.017011	1.033883	1.053958	1.075315	1.095989	1.114321	1.129175	1.139992	1.146726	1.149692	1.149425	1.146550	1.141699	0.300000	0.729500	1.226965	1.613245	1.712592	1.624054	1.480727	1.335002	1.202149	1.085742	0.985572	0.900221	0.828010	0.767337	0.716780	0.675127	0.641357	0.614626	0.594248	0.579674	0.570482	0.566359	0.567095	0.572569	0.582743	0.597650	0.617374	0.642032	0.671731	0.706511	0.746249	0.790541	0.838539	0.888792	0.939157	0.986874	1.028889	1.062421	1.085578	1.097761	1.099668	1.092963	1.079795	1.062376	1.042696	1.022401	1.002765	0.984716	0.968896	0.955710	]
Aptitud 1.718468
Tiempo 10021.517578
Mejor solucion de la corrida 6, serie 1 
G = [1.435911	3.559645	-0.778039	0.239330	]
H = [1.271220	0.988757	1.158985	2.160448	]
ALPHA = [3.964060	8.632247	]
BETA = [2.419161	10.002459	]
X = [0.700000	0.679016	0.672547	0.714292	0.810518	0.925149	1.016951	1.075523	1.108950	1.126774	1.135533	1.139177	1.140029	1.139446	1.138217	1.136788	1.135400	1.134169	1.133137	1.132307	1.131661	1.131172	1.130809	1.130547	1.130361	1.130232	1.130145	1.130087	1.130050	1.130027	1.130013	1.130005	1.130002	1.130000	1.130000	1.130000	1.130001	1.130002	1.130002	1.130003	1.130004	1.130004	1.130005	1.130005	1.130005	1.130005	1.130005	1.130005	1.130005	1.130005	0.300000	0.630221	0.922077	1.110229	1.161648	1.108657	1.021993	0.946475	0.892978	0.858405	0.837254	0.824939	0.818219	0.814930	0.813666	0.813538	0.813991	0.814692	0.815450	0.816162	0.816781	0.817292	0.817698	0.818012	0.818247	0.818420	0.818544	0.818632	0.818692	0.818732	0.818759	0.818776	0.818786	0.818792	0.818795	0.818797	0.818797	0.818797	0.818797	0.818797	0.818796	0.818796	0.818796	0.818795	0.818795	0.818795	0.818795	0.818795	0.818795	0.818795	]
Aptitud 3.129490
Tiempo 9979.831055
Mejor solucion de la corrida 7, serie 1 
G = [0.886390	1.925592	-1.441836	0.892082	]
H = [1.221926	0.835016	0.888667	1.348168	]
ALPHA = [1.340876	13.626821	]
BETA = [1.077234	11.230161	]
X = [0.700000	0.694596	0.701784	0.752529	0.877492	1.045146	1.179655	1.254998	1.287919	1.297606	1.295538	1.287602	1.276736	1.264430	1.251464	1.238267	1.225092	1.212102	1.199417	1.187140	1.175367	1.164195	1.153726	1.144059	1.135296	1.127532	1.120846	1.115301	1.110928	1.107728	1.105659	1.104644	1.104564	1.105275	1.106611	1.108399	1.110470	1.112669	1.114864	1.116949	1.118847	1.120506	1.121898	1.123016	1.123867	1.124469	1.124848	1.125036	1.125063	1.124963	0.300000	0.638373	1.186138	1.854002	2.273020	2.172167	1.784190	1.402193	1.117800	0.922528	0.790677	0.701598	0.641508	0.601582	0.576158	0.561534	0.555239	0.555570	0.561320	0.571597	0.585701	0.603052	0.623124	0.645406	0.669373	0.694466	0.720086	0.745597	0.770343	0.793680	0.815013	0.833836	0.849773	0.862604	0.872280	0.878912	0.882753	0.884160	0.883555	0.881384	0.878086	0.874063	0.869667	0.865187	0.860852	0.856831	0.853240	0.850147	0.847585	0.845553	]
Aptitud 4.189086
Tiempo 9912.760742
Mejor solucion de la corrida 8, serie 1 
G = [2.016180	1.741777	-1.472073	0.000000	]
H = [0.604826	-1.309379	0.811535	1.866703	]
ALPHA = [3.792966	6.603458	]
BETA = [2.159068	7.796875	]
X = [0.700000	0.557632	0.545030	0.588945	0.677381	0.800598	0.942154	1.080439	1.195489	1.274956	1.315865	1.322862	1.304964	1.272343	1.233991	1.196559	1.164179	1.138867	1.121108	1.110401	1.105672	1.105578	1.108712	1.113752	1.119567	1.125271	1.130252	1.134161	1.136873	1.138439	1.139026	1.138865	1.138201	1.137264	1.136243	1.135281	1.134468	1.133852	1.133442	1.133222	1.133159	1.133212	1.133341	1.133506	1.133680	1.133838	1.133969	1.134065	1.134126	1.134156	0.300000	0.791155	1.234462	1.491702	1.539885	1.438839	1.271548	1.100067	0.955041	0.845048	0.768230	0.719409	0.693102	0.684335	0.688646	0.701927	0.720390	0.740674	0.760044	0.776547	0.789084	0.797336	0.801603	0.802587	0.801175	0.798272	0.794674	0.791010	0.787718	0.785057	0.783134	0.781940	0.781387	0.781343	0.781657	0.782186	0.782804	0.783414	0.783950	0.784373	0.784669	0.784843	0.784913	0.784902	0.784837	0.784740	0.784633	0.784531	0.784444	0.784378	]
Aptitud 5.034063
Tiempo 9905.916016
Mejor solucion de la corrida 9, serie 1 
G = [0.793594	1.111865	-1.767382	1.433056	]
H = [2.297672	-3.200309	-1.491665	1.664652	]
ALPHA = [4.538620	12.739251	]
BETA = [1.379272	13.425487	]
X = [0.700000	0.348594	0.445060	0.606852	0.809962	1.035192	1.266459	1.486433	1.676756	1.821387	1.910637	1.943319	1.925884	1.869415	1.786323	1.688007	1.583753	1.480532	1.383245	1.295117	1.218057	1.152963	1.099951	1.058550	1.027860	1.006690	0.993676	0.987380	0.986363	0.989250	0.994779	1.001837	1.009490	1.016999	1.023821	1.029604	1.034165	1.037461	1.039562	1.040611	1.040799	1.040332	1.039417	1.038239	1.036957	1.035693	1.034540	1.033556	1.032771	1.032192	0.300000	0.858808	1.377136	1.495553	1.425560	1.325349	1.235249	1.160400	1.098453	1.046224	1.001087	0.961143	0.925120	0.892245	0.862123	0.834649	0.809922	0.788177	0.769716	0.754830	0.743725	0.736453	0.732855	0.732548	0.734938	0.739291	0.744822	0.750790	0.756576	0.761729	0.765976	0.769201	0.771415	0.772714	0.773245	0.773176	0.772675	0.771895	0.770970	0.770006	0.769087	0.768268	0.767585	0.767052	0.766672	0.766434	0.766318	0.766302	0.766362	0.766472	]
Aptitud 3.313555
Tiempo 10016.321289
Mejor solucion de la corrida 10, serie 1 
G = [2.304451	0.173658	-1.776233	0.472954	]
H = [3.111080	-2.287219	1.345183	3.164705	]
ALPHA = [12.058264	2.286709	]
BETA = [6.090775	3.145878	]
X = [0.700000	0.399354	0.451624	0.538607	0.682346	0.938278	1.401114	1.785876	1.527243	1.279241	1.142173	1.078875	1.059515	1.065266	1.082673	1.101562	1.115408	1.121960	1.122440	1.119601	1.115983	1.113127	1.111566	1.111165	1.111489	1.112087	1.112638	1.112989	1.113124	1.113105	1.113012	1.112910	1.112836	1.112800	1.112795	1.112808	1.112826	1.112841	1.112849	1.112852	1.112850	1.112847	1.112845	1.112843	1.112842	1.112842	1.112842	1.112843	1.112843	1.112844	0.300000	0.861419	1.244451	1.485015	1.520222	1.381395	1.146704	0.919662	0.797518	0.754834	0.747555	0.756148	0.769678	0.781654	0.789065	0.791648	0.790805	0.788420	0.785998	0.784331	0.783582	0.783543	0.783882	0.784310	0.784647	0.784830	0.784876	0.784835	0.784763	0.784697	0.784655	0.784640	0.784642	0.784654	0.784666	0.784675	0.784679	0.784679	0.784678	0.784676	0.784674	0.784673	0.784673	0.784673	0.784673	0.784674	0.784674	0.784674	0.784674	0.784674	]
Aptitud 5.138083
Tiempo 9985.501953

**************************************************
Estadisticas sobre el error cuadratico medio de las corridas
Maximo 5.192742
Minimo 1.533691
Promedio 3.748165
Desviacion Estandar 1.323380
Promedio tiempos 9952.728516
**************************************************
Archivo Instancias/Tominaga2SSGeneratedData.txt, Poblacion 64, Generaciones 500, Diversidad 50, GPUs 1
**************************************************
