Mejor solucion de la corrida 1, serie 1 
G = [1.672365	4.906726	-2.556669	1.226661	]
H = [0.190439	-1.784589	-1.151240	3.578746	]
ALPHA = [5.174380	3.073278	]
BETA = [1.545899	4.660519	]
X = [0.700000	0.376898	0.403068	0.694114	0.916842	1.106515	1.268842	1.407873	1.526183	1.625463	1.706893	1.771359	1.819588	1.852229	1.869915	1.873297	1.863079	1.840032	1.805014	1.758981	1.703001	1.638263	1.566097	1.487982	1.405574	1.320723	1.235496	1.152188	1.073317	1.001576	0.939727	0.890413	0.855843	0.837342	0.834817	0.846453	0.868991	0.898514	0.931294	0.964279	0.995237	1.022667	1.045666	1.063777	1.076879	1.085097	1.088742	1.088262	1.084206	1.077196	0.300000	0.527029	1.439087	1.206620	1.077844	0.994721	0.936143	0.891958	0.856993	0.828348	0.804267	0.783621	0.765656	0.749847	0.735825	0.723332	0.712187	0.702276	0.693539	0.685966	0.679603	0.674555	0.670993	0.669178	0.669474	0.672373	0.678515	0.688685	0.703751	0.724486	0.751174	0.783011	0.817495	0.850449	0.877250	0.894791	0.902598	0.902326	0.896449	0.887269	0.876524	0.865382	0.854579	0.844558	0.835581	0.827794	0.821278	0.816074	0.812193	0.809626	]
Aptitud 1.735553
Tiempo 46788.441406
Mejor solucion de la corrida 2, serie 1 
G = [0.178266	3.404136	-3.585780	0.777955	]
H = [0.200928	-2.717405	1.182190	3.102412	]
ALPHA = [1.239054	1.011675	]
BETA = [0.533108	0.970439	]
X = [0.700000	0.423595	0.446811	0.744228	1.109940	1.375962	1.550562	1.664332	1.738471	1.785465	1.812624	1.824380	1.823555	1.812051	1.791234	1.762159	1.725707	1.682664	1.633783	1.579816	1.521544	1.459801	1.395486	1.329582	1.263165	1.197412	1.133597	1.073073	1.017230	0.967430	0.924916	0.890730	0.865646	0.850153	0.844453	0.848443	0.861628	0.883033	0.911173	0.944163	0.979944	1.016537	1.052241	1.085730	1.116070	1.142666	1.165202	1.183563	1.197784	1.207998	0.300000	0.532758	1.456312	1.861140	1.729042	1.527723	1.352936	1.214620	1.106225	1.020259	0.950946	0.894172	0.847035	0.807473	0.773997	0.745516	0.721226	0.700530	0.682990	0.668293	0.656235	0.646706	0.639690	0.635271	0.633640	0.635107	0.640117	0.649244	0.663174	0.682628	0.708219	0.740231	0.778328	0.821297	0.866923	0.912149	0.953570	0.988132	1.013770	1.029713	1.036383	1.035020	1.027261	1.014790	0.999133	0.981563	0.963079	0.944436	0.926183	0.908709	]
Aptitud 0.664561
Tiempo 46881.578125
Mejor solucion de la corrida 3, serie 1 
G = [1.441823	5.095989	-2.283483	-0.184349	]
H = [0.178200	0.460428	-0.481646	0.915769	]
ALPHA = [1.065039	5.767190	]
BETA = [1.536722	5.027444	]
X = [0.700000	0.658755	0.625979	0.662838	0.835797	1.120603	1.415937	1.647139	1.794694	1.871259	1.897844	1.892640	1.868424	1.833318	1.792210	1.747939	1.702105	1.655584	1.608827	1.562047	1.515328	1.468690	1.422128	1.375643	1.329257	1.283035	1.237097	1.191646	1.146991	1.103590	1.062091	1.023398	0.988720	0.959604	0.937874	0.925416	0.923719	0.933235	0.952807	0.979580	1.009581	1.038742	1.063824	1.082871	1.095186	1.101011	1.101153	1.096682	1.088729	1.078379	0.300000	0.783924	1.179971	1.469700	1.558700	1.489357	1.367138	1.241269	1.125347	1.022126	0.931631	0.853261	0.786276	0.729910	0.683395	0.645968	0.616888	0.595445	0.580981	0.572897	0.570667	0.573846	0.582075	0.595084	0.612693	0.634805	0.661400	0.692518	0.728226	0.768569	0.813490	0.862692	0.915452	0.970371	1.025143	1.076476	1.120415	1.153192	1.172358	1.177600	1.170697	1.154758	1.133269	1.109406	1.085720	1.064078	1.045740	1.031461	1.021603	1.016216	]
Aptitud 0.954393
Tiempo 46999.281250
Mejor solucion de la corrida 4, serie 1 
G = [0.993095	2.045924	-3.008015	1.789433	]
H = [-0.197003	-1.128825	-0.999111	2.698533	]
ALPHA = [1.577125	5.170587	]
BETA = [1.218670	5.016186	]
X = [0.700000	0.526332	0.457247	0.828236	1.056718	1.217499	1.336279	1.426504	1.495595	1.548064	1.586880	1.614113	1.631282	1.639540	1.639795	1.632781	1.619112	1.599312	1.573848	1.543143	1.507603	1.467627	1.423629	1.376056	1.325408	1.272271	1.217343	1.161476	1.105728	1.051408	1.000128	0.953836	0.914807	0.885544	0.868541	0.865767	0.877852	0.903275	0.938377	0.978506	1.019442	1.058146	1.092778	1.122392	1.146627	1.165465	1.179090	1.187791	1.191922	1.191868	0.300000	0.433831	1.508038	2.320452	1.771084	1.464202	1.273556	1.142279	1.045338	0.970189	0.909854	0.860131	0.818336	0.782670	0.751888	0.725105	0.701681	0.681156	0.663198	0.647584	0.634179	0.622931	0.613872	0.607126	0.602925	0.601642	0.603825	0.610267	0.622077	0.640783	0.668413	0.707469	0.760581	0.829399	0.912250	1.001112	1.081077	1.136353	1.159510	1.154191	1.129754	1.095304	1.057246	1.019357	0.983603	0.950884	0.921526	0.895567	0.872917	0.853449	]
Aptitud 0.744922
Tiempo 46633.281250
Mejor solucion de la corrida 5, serie 1 
G = [0.146807	2.736404	-1.264809	0.470984	]
H = [-0.662255	-2.229579	-0.513723	1.100468	]
ALPHA = [1.632575	6.974908	]
BETA = [0.904030	7.267560	]
X = [0.700000	0.279890	0.312841	0.612686	0.935357	1.198413	1.398860	1.548214	1.657956	1.737050	1.792034	1.827551	1.846865	1.852268	1.845377	1.827369	1.799145	1.761469	1.715076	1.660756	1.599433	1.532221	1.460467	1.385772	1.309971	1.235094	1.163267	1.096590	1.036993	0.986091	0.945079	0.914652	0.894971	0.885659	0.885829	0.894156	0.909003	0.928582	0.951126	0.975024	0.998912	1.021707	1.042610	1.061075	1.076769	1.089535	1.099351	1.106300	1.110547	1.112314	0.300000	0.688811	1.702476	1.895625	1.766564	1.597044	1.438891	1.300474	1.181382	1.079389	0.992115	0.917432	0.853543	0.798968	0.752500	0.713171	0.680215	0.653042	0.631220	0.614454	0.602582	0.595558	0.593446	0.596404	0.604656	0.618450	0.637985	0.663303	0.694161	0.729877	0.769226	0.810419	0.851227	0.889263	0.922359	0.948907	0.968079	0.979830	0.984755	0.983861	0.978342	0.969401	0.958145	0.945527	0.932332	0.919182	0.906554	0.894806	0.884193	0.874889	]
Aptitud 0.820287
Tiempo 46769.636719
Mejor solucion de la corrida 6, serie 1 
G = [1.503348	4.374107	-2.959384	-0.599360	]
H = [1.258813	2.864823	-0.993781	0.509108	]
ALPHA = [5.003078	4.451963	]
BETA = [5.487575	4.346997	]
X = [0.700000	0.680990	0.663989	0.722583	0.897318	1.150641	1.416024	1.642524	1.803409	1.893484	1.922363	1.906523	1.862853	1.805043	1.742502	1.680798	1.622664	1.569020	1.519756	1.474264	1.431753	1.391420	1.352528	1.314441	1.276626	1.238657	1.200209	1.161068	1.121143	1.080509	1.039466	0.998647	0.959174	0.922857	0.892386	0.871338	0.863643	0.872195	0.896923	0.933651	0.975068	1.013370	1.042753	1.060490	1.066605	1.062853	1.051706	1.035667	1.016950	0.997416	0.300000	0.852720	1.170205	1.357318	1.388874	1.331388	1.250554	1.170254	1.095466	1.026128	0.961392	0.900701	0.843970	0.791509	0.743867	0.701664	0.665441	0.635572	0.612212	0.595306	0.584623	0.579819	0.580499	0.586285	0.596860	0.612007	0.631637	0.655797	0.684676	0.718589	0.757938	0.803113	0.854298	0.911088	0.971888	1.033173	1.089162	1.132850	1.158726	1.165420	1.155872	1.135242	1.108753	1.080662	1.054121	1.031371	1.013935	1.002744	0.998196	1.000177	]
Aptitud 1.092519
Tiempo 47090.253906
Mejor solucion de la corrida 7, serie 1 
G = [0.916221	2.335078	-3.578130	0.000000	]
H = [0.000000	0.616587	-0.217028	2.481546	]
ALPHA = [4.442540	2.839270	]
BETA = [4.516856	2.825884	]
X = [0.700000	0.608822	0.559744	0.667965	0.889871	1.114436	1.304736	1.456285	1.572917	1.659889	1.722094	1.763677	1.788052	1.798010	1.795833	1.783392	1.762236	1.733651	1.698712	1.658325	1.613258	1.564170	1.511631	1.456143	1.398165	1.338132	1.276492	1.213744	1.150501	1.087590	1.026192	0.968046	0.915687	0.872617	0.843095	0.831122	0.838550	0.863490	0.900605	0.943208	0.985408	1.023103	1.053967	1.077027	1.092199	1.099932	1.100975	1.096225	1.086655	1.073263	0.300000	0.793401	1.441248	1.731209	1.595078	1.402218	1.243667	1.120455	1.023715	0.946191	0.882849	0.830258	0.786043	0.748535	0.716538	0.689187	0.665858	0.646106	0.629628	0.616242	0.605868	0.598531	0.594356	0.593587	0.596596	0.603915	0.616268	0.634610	0.660168	0.694442	0.739124	0.795772	0.865018	0.945023	1.029437	1.106610	1.162989	1.190209	1.189320	1.168064	1.135452	1.098544	1.061856	1.027944	0.998119	0.972991	0.952804	0.937620	0.927421	0.922143	]
Aptitud 0.394997
Tiempo 46892.312500
Mejor solucion de la corrida 8, serie 1 
G = [1.848436	3.403757	-4.982904	0.546311	]
H = [0.550686	-0.596607	0.000000	3.025801	]
ALPHA = [1.417773	1.756402	]
BETA = [1.261753	1.904478	]
X = [0.700000	0.635444	0.618880	0.715927	0.928645	1.148341	1.336257	1.487245	1.603952	1.690529	1.751114	1.789452	1.808832	1.812111	1.801771	1.779959	1.748547	1.709166	1.663248	1.612055	1.556709	1.498214	1.437486	1.375364	1.312641	1.250082	1.188446	1.128515	1.071124	1.017196	0.967790	0.924176	0.887919	0.860983	0.845694	0.844266	0.857666	0.884348	0.920166	0.959812	0.998519	1.032946	1.061204	1.082523	1.096874	1.104675	1.106591	1.103411	1.095975	1.085129	0.300000	0.646680	1.307251	1.748951	1.635371	1.434276	1.273347	1.151551	1.057453	0.982654	0.921668	0.870891	0.827897	0.791000	0.759003	0.731038	0.706472	0.684844	0.665827	0.649203	0.634855	0.622766	0.613021	0.605832	0.601560	0.600763	0.604252	0.613166	0.629044	0.653886	0.690090	0.740125	0.805637	0.885676	0.974268	1.059178	1.125144	1.161642	1.168270	1.152427	1.123406	1.088621	1.052829	1.018701	0.987600	0.960152	0.936607	0.917036	0.901444	0.889823	]
Aptitud 0.765582
Tiempo 46640.171875
Mejor solucion de la corrida 9, serie 1 
G = [0.996486	2.578091	-2.983590	1.419596	]
H = [0.174174	-1.608763	-1.146103	2.640254	]
ALPHA = [2.031509	3.681489	]
BETA = [1.190598	4.219891	]
X = [0.700000	0.477604	0.455984	0.671707	0.946807	1.160222	1.326484	1.457839	1.561854	1.643393	1.705782	1.751427	1.782155	1.799406	1.804366	1.798037	1.781302	1.754960	1.719762	1.676439	1.625726	1.568389	1.505256	1.437249	1.365420	1.290999	1.215442	1.140479	1.068148	1.000797	0.941013	0.891461	0.854622	0.832453	0.825961	0.834721	0.856550	0.887781	0.924158	0.961815	0.997803	1.030156	1.057717	1.079920	1.096599	1.107860	1.113987	1.115389	1.112562	1.106066	0.300000	0.481951	1.518351	1.964545	1.614384	1.380696	1.228824	1.121498	1.040586	0.976677	0.924435	0.880610	0.843106	0.810509	0.781836	0.756386	0.733655	0.713283	0.695018	0.678701	0.664258	0.651694	0.641110	0.632709	0.626833	0.624004	0.624976	0.630810	0.642938	0.663181	0.693586	0.735893	0.790351	0.853987	0.919400	0.976190	1.015500	1.034180	1.034838	1.022800	1.003309	0.980316	0.956404	0.933126	0.911361	0.891584	0.874036	0.858838	0.846046	0.835691	]
Aptitud 0.703535
Tiempo 46737.429688
Mejor solucion de la corrida 10, serie 1 
G = [0.494586	2.114176	-3.376981	0.630773	]
H = [-0.284691	-1.126254	0.861048	3.787612	]
ALPHA = [2.696287	1.202108	]
BETA = [1.842718	1.372658	]
X = [0.700000	0.441416	0.416317	0.663597	0.963738	1.194205	1.364301	1.490586	1.584559	1.653751	1.703228	1.736530	1.756225	1.764238	1.762055	1.750852	1.731583	1.705045	1.671915	1.632788	1.588204	1.538669	1.484682	1.426756	1.365448	1.301391	1.235334	1.168201	1.101153	1.035666	0.973621	0.917351	0.869638	0.833542	0.811992	0.807113	0.819437	0.847393	0.887501	0.935257	0.986200	1.036650	1.083961	1.126441	1.163143	1.193641	1.217858	1.235930	1.248129	1.254803	0.300000	0.508818	1.578791	1.940292	1.658419	1.413337	1.241673	1.118810	1.027137	0.956199	0.899694	0.853658	0.815493	0.783432	0.756235	0.733015	0.713125	0.696091	0.681570	0.669319	0.659180	0.651071	0.644985	0.640994	0.639263	0.640067	0.643823	0.651132	0.662824	0.680002	0.704039	0.736442	0.778424	0.830029	0.888861	0.949210	1.002911	1.042359	1.063700	1.067673	1.058006	1.039247	1.015368	0.989293	0.962958	0.937546	0.913730	0.891858	0.872085	0.854453	]
Aptitud 0.587662
Tiempo 46879.320312
Mejor solucion de la corrida 11, serie 1 
G = [0.881351	4.606430	-3.070913	0.373933	]
H = [-0.171564	-2.707022	0.144015	2.174519	]
ALPHA = [0.738113	2.118865	]
BETA = [0.447829	2.104596	]
X = [0.700000	0.492222	0.500400	0.683691	1.012235	1.300794	1.503128	1.635420	1.719537	1.771242	1.800523	1.813516	1.813985	1.804267	1.785841	1.759677	1.726450	1.686688	1.640869	1.589495	1.533164	1.472615	1.408780	1.342817	1.276122	1.210302	1.147096	1.088237	1.035276	0.989411	0.951400	0.921593	0.900063	0.886750	0.881529	0.884151	0.894081	0.910353	0.931539	0.955900	0.981627	1.007096	1.031017	1.052492	1.070980	1.086227	1.098193	1.106979	1.112779	1.115844	0.300000	0.725710	1.426368	1.773412	1.685781	1.512530	1.353834	1.221726	1.113256	1.023762	0.949232	0.886565	0.833425	0.788062	0.749162	0.715742	0.687067	0.662602	0.641976	0.624962	0.611465	0.601522	0.595305	0.593130	0.595462	0.602910	0.616185	0.636021	0.663026	0.697476	0.739078	0.786774	0.838640	0.891936	0.943355	0.989464	1.027282	1.054837	1.071482	1.077837	1.075429	1.066221	1.052207	1.035160	1.016532	0.997434	0.978686	0.960867	0.944374	0.929469	]
Aptitud 0.422156
Tiempo 46981.785156
Mejor solucion de la corrida 12, serie 1 
G = [0.941365	0.940020	-3.854973	1.060521	]
H = [1.148070	-2.103827	-0.337508	3.761169	]
ALPHA = [4.582949	0.888343	]
BETA = [2.356496	1.514443	]
X = [0.700000	0.444275	0.482948	0.609634	0.775454	0.953844	1.133352	1.306570	1.467503	1.611117	1.733373	1.831324	1.903175	1.948280	1.967070	1.960923	1.932005	1.883081	1.817326	1.738155	1.649062	1.553501	1.454793	1.356070	1.260247	1.170012	1.087819	1.015852	0.955955	0.909489	0.877167	0.858920	0.853871	0.860436	0.876528	0.899792	0.927814	0.958295	0.989159	1.018633	1.045277	1.068006	1.086077	1.099081	1.106906	1.109711	1.107879	1.101975	1.092703	1.080853	0.300000	0.646008	1.290104	1.553159	1.462405	1.330535	1.221444	1.136420	1.069430	1.015381	0.970712	0.932997	0.900563	0.872236	0.847178	0.824781	0.804603	0.786325	0.769726	0.754670	0.741103	0.729055	0.718654	0.710146	0.703916	0.700515	0.700648	0.705114	0.714638	0.729557	0.749443	0.772833	0.797330	0.820175	0.839022	0.852505	0.860347	0.863090	0.861704	0.857264	0.850755	0.842994	0.834618	0.826111	0.817833	0.810054	0.802978	0.796765	0.791538	0.787392	]
Aptitud 2.167395
Tiempo 46728.773438
Mejor solucion de la corrida 13, serie 1 
G = [0.172448	2.446099	-1.996811	0.906747	]
H = [-0.566922	-1.169164	-0.184609	2.404143	]
ALPHA = [2.302530	3.017630	]
BETA = [1.679563	3.187515	]
X = [0.700000	0.389791	0.309497	0.662004	1.042583	1.302976	1.480320	1.603337	1.689042	1.747706	1.785837	1.807760	1.816465	1.814102	1.802264	1.782166	1.754769	1.720852	1.681069	1.635997	1.586162	1.532075	1.474254	1.413257	1.349710	1.284346	1.218040	1.151866	1.087138	1.025466	0.968780	0.919315	0.879491	0.851652	0.837603	0.838051	0.852152	0.877494	0.910615	0.947794	0.985740	1.021938	1.054699	1.083033	1.106470	1.124901	1.138453	1.147400	1.152102	1.152975	0.300000	0.472169	1.560514	2.011605	1.720701	1.475215	1.297226	1.165166	1.063822	0.983780	0.919107	0.865929	0.821620	0.784351	0.752817	0.726070	0.703419	0.684359	0.668531	0.655692	0.645700	0.638504	0.634142	0.632742	0.634534	0.639860	0.649184	0.663102	0.682333	0.707661	0.739795	0.779083	0.825036	0.875749	0.927526	0.975249	1.013742	1.039523	1.051785	1.052074	1.043191	1.028140	1.009517	0.989305	0.968905	0.949254	0.930950	0.914356	0.899682	0.887035	]
Aptitud 0.497580
Tiempo 46683.648438
Mejor solucion de la corrida 14, serie 1 
G = [0.000000	4.033594	-3.065642	1.084896	]
H = [0.316726	-2.929206	0.301544	2.495027	]
ALPHA = [0.856683	1.922078	]
BETA = [0.371599	1.821685	]
X = [0.700000	0.451585	0.441797	0.735169	1.164817	1.428011	1.580863	1.672190	1.727380	1.759439	1.775325	1.778951	1.772617	1.757750	1.735292	1.705921	1.670192	1.628619	1.581738	1.530149	1.474546	1.415746	1.354702	1.292510	1.230400	1.169712	1.111842	1.058168	1.009953	0.968249	0.933833	0.907195	0.888590	0.878126	0.875811	0.881507	0.894779	0.914714	0.939861	0.968372	0.998285	1.027828	1.055613	1.080682	1.102472	1.120723	1.135392	1.146575	1.154455	1.159265	0.300000	0.481134	1.246277	1.922964	1.771878	1.552226	1.373083	1.233198	1.122853	1.034178	0.961622	0.901323	0.850573	0.807433	0.770498	0.738737	0.711389	0.687900	0.667871	0.651040	0.637259	0.626488	0.618796	0.614366	0.613497	0.616610	0.624245	0.637025	0.655606	0.680560	0.712217	0.750454	0.794472	0.842603	0.892251	0.940079	0.982511	1.016468	1.040058	1.052881	1.055849	1.050692	1.039432	1.023995	1.006016	0.986781	0.967249	0.948108	0.929837	0.912757	]
Aptitud 0.682017
Tiempo 46820.453125
Mejor solucion de la corrida 15, serie 1 
G = [1.145251	3.463532	-3.382427	1.393471	]
H = [0.379620	-1.327408	-1.468510	2.392799	]
ALPHA = [1.365131	4.394372	]
BETA = [0.984112	4.762945	]
X = [0.700000	0.575291	0.540585	0.694105	1.010825	1.252603	1.429097	1.558970	1.654223	1.722529	1.769087	1.797611	1.810883	1.811066	1.799902	1.778830	1.749073	1.711700	1.667667	1.617855	1.563096	1.504203	1.441997	1.377326	1.311100	1.244312	1.178067	1.113604	1.052312	0.995724	0.945501	0.903404	0.871257	0.850901	0.843935	0.851030	0.870935	0.900132	0.933841	0.967598	0.998208	1.023851	1.043762	1.057858	1.066457	1.070096	1.069425	1.065140	1.057956	1.048583	0.300000	0.487342	1.162507	1.882862	1.633005	1.410605	1.261640	1.154849	1.073248	1.007901	0.953739	0.907679	0.867735	0.832570	0.801261	0.773152	0.747780	0.724818	0.704054	0.685368	0.668729	0.654195	0.641926	0.632202	0.625450	0.622295	0.623606	0.630570	0.644746	0.668074	0.702725	0.750595	0.812162	0.884610	0.960077	1.026415	1.072267	1.093094	1.092127	1.076375	1.052591	1.025643	0.998547	0.973008	0.949935	0.929783	0.912762	0.898961	0.888397	0.881054	]
Aptitud 0.763671
Tiempo 46867.382812
Mejor solucion de la corrida 16, serie 1 
G = [0.229864	2.930829	-2.866487	0.926796	]
H = [-0.495468	0.393489	-0.897915	1.929678	]
ALPHA = [2.272149	5.443246	]
BETA = [2.350719	4.931012	]
X = [0.700000	0.625692	0.566369	0.727279	1.062274	1.312107	1.476771	1.583331	1.650755	1.691077	1.712052	1.718836	1.714959	1.702904	1.684460	1.660933	1.633299	1.602292	1.568470	1.532264	1.494006	1.453957	1.412326	1.369284	1.324983	1.279570	1.233208	1.186110	1.138578	1.091080	1.044362	0.999626	0.958791	0.924778	0.901607	0.893724	0.904003	0.931248	0.969793	1.012150	1.052092	1.085898	1.112029	1.130337	1.141396	1.146089	1.145384	1.140231	1.131526	1.120100	0.300000	0.563249	1.180472	1.783331	1.666738	1.467776	1.306926	1.180938	1.080351	0.998312	0.930219	0.872938	0.824278	0.782669	0.746960	0.716296	0.690040	0.667717	0.648982	0.633598	0.621423	0.612401	0.606565	0.604042	0.605065	0.609989	0.619326	0.633773	0.654257	0.681973	0.718383	0.765096	0.823444	0.893458	0.971973	1.050606	1.116389	1.157627	1.170779	1.160844	1.136251	1.104512	1.070812	1.038273	1.008624	0.982753	0.961076	0.943755	0.930819	0.922225	]
Aptitud 0.561297
Tiempo 46709.656250
Mejor solucion de la corrida 17, serie 1 
G = [0.503652	2.345579	-2.505935	0.313629	]
H = [-0.399078	0.783634	0.184227	2.205465	]
ALPHA = [3.937956	4.557710	]
BETA = [4.448792	3.665608	]
X = [0.700000	0.606530	0.503603	0.588656	0.956348	1.294989	1.520313	1.659178	1.741458	1.787005	1.808141	1.812562	1.805190	1.789257	1.766939	1.739730	1.708675	1.674517	1.637789	1.598881	1.558080	1.515603	1.471625	1.426292	1.379747	1.332147	1.283683	1.234617	1.185314	1.136298	1.088325	1.042467	1.000207	0.963507	0.934754	0.916469	0.910660	0.917931	0.936832	0.964001	0.995135	1.026189	1.054147	1.077213	1.094630	1.106354	1.112782	1.114535	1.112334	1.106924	0.300000	0.690783	1.377929	2.063148	1.891286	1.557462	1.302459	1.120431	0.988391	0.890116	0.815315	0.757425	0.712148	0.676592	0.648758	0.627240	0.611036	0.599431	0.591920	0.588156	0.587924	0.591111	0.597704	0.607774	0.621480	0.639068	0.660870	0.687306	0.718867	0.756084	0.799449	0.849250	0.905285	0.966402	1.029924	1.091239	1.144132	1.182362	1.202036	1.203158	1.189205	1.165289	1.136378	1.106365	1.077891	1.052554	1.031209	1.014221	1.001656	0.993392	]
Aptitud 0.414404
Tiempo 46950.171875
Mejor solucion de la corrida 18, serie 1 
G = [0.363036	3.768104	-3.571443	1.015855	]
H = [0.389886	-2.829047	0.635330	2.877284	]
ALPHA = [0.874610	1.479788	]
BETA = [0.412686	1.419310	]
X = [0.700000	0.469549	0.463183	0.725359	1.146763	1.419873	1.582170	1.680874	1.741547	1.777405	1.795600	1.800235	1.793818	1.777984	1.753886	1.722412	1.684315	1.640290	1.591032	1.537269	1.479788	1.419453	1.357222	1.294145	1.231371	1.170129	1.111698	1.057353	1.008295	0.965569	0.929985	0.902093	0.882202	0.870446	0.866841	0.871263	0.883334	0.902257	0.926736	0.955056	0.985325	1.015755	1.044868	1.071584	1.095204	1.115351	1.131880	1.144813	1.154278	1.160474	0.300000	0.500011	1.330589	2.025656	1.820940	1.561556	1.363536	1.216321	1.104295	1.016623	0.946294	0.888724	0.840835	0.800504	0.766229	0.736930	0.711819	0.690328	0.672048	0.656706	0.644141	0.634300	0.627236	0.623110	0.622208	0.624946	0.631869	0.643645	0.661005	0.684652	0.715088	0.752390	0.795946	0.844223	0.894660	0.943828	0.987942	1.023640	1.048752	1.062683	1.066271	1.061281	1.049831	1.033962	1.015410	0.995536	0.975347	0.955557	0.936655	0.918965	]
Aptitud 0.656987
Tiempo 46852.839844
Mejor solucion de la corrida 19, serie 1 
G = [1.004687	5.032420	-2.446391	-0.085782	]
H = [-0.788327	-0.713730	-0.291377	1.464300	]
ALPHA = [0.950835	4.021918	]
BETA = [1.309565	3.667752	]
X = [0.700000	0.577457	0.521628	0.629001	0.946561	1.284154	1.535537	1.696656	1.791028	1.840795	1.861454	1.862913	1.851334	1.830545	1.802960	1.770136	1.733116	1.692627	1.649207	1.603281	1.555206	1.505308	1.453897	1.401285	1.347798	1.293790	1.239656	1.185855	1.132934	1.081577	1.032653	0.987288	0.946945	0.913459	0.888965	0.875591	0.874819	0.886670	0.909164	0.938593	0.970544	1.001064	1.027372	1.047971	1.062405	1.070910	1.074107	1.072794	1.067826	1.060048	0.300000	0.760886	1.296913	1.638571	1.610717	1.464175	1.316728	1.188229	1.079245	0.987291	0.909753	0.844394	0.789393	0.743287	0.704907	0.673323	0.647800	0.627768	0.612791	0.602554	0.596840	0.595530	0.598585	0.606048	0.618034	0.634728	0.656376	0.683267	0.715706	0.753960	0.798154	0.848112	0.903099	0.961472	1.020344	1.075491	1.121903	1.155117	1.172784	1.175416	1.165822	1.147831	1.125167	1.100867	1.077155	1.055529	1.036932	1.021897	1.010670	1.003290	]
Aptitud 0.341669
Tiempo 46961.628906
Mejor solucion de la corrida 20, serie 1 
G = [1.534258	3.952430	-1.826716	0.339101	]
H = [-0.343699	1.158917	0.987995	2.135192	]
ALPHA = [1.692284	6.621533	]
BETA = [2.241643	5.135796	]
X = [0.700000	0.658540	0.588776	0.557167	0.825278	1.379293	1.632531	1.699174	1.707668	1.696900	1.678722	1.657261	1.634124	1.609983	1.585131	1.559694	1.533726	1.507247	1.480268	1.452796	1.424840	1.396422	1.367570	1.338331	1.308772	1.278983	1.249091	1.219260	1.189709	1.160720	1.132651	1.105947	1.081143	1.058856	1.039757	1.024504	1.013642	1.007475	1.005934	1.008504	1.014255	1.021995	1.030488	1.038667	1.045760	1.051328	1.055220	1.057496	1.058355	1.058064	0.300000	0.683525	1.183432	1.776144	1.966503	1.501763	1.101639	0.876970	0.748839	0.671739	0.623849	0.594041	0.576173	0.566610	0.563088	0.564135	0.568769	0.576323	0.586344	0.598527	0.612677	0.628676	0.646468	0.666042	0.687418	0.710640	0.735759	0.762820	0.791842	0.822790	0.855541	0.889838	0.925235	0.961039	0.996268	1.029652	1.059706	1.084912	1.103992	1.116215	1.121602	1.120947	1.115628	1.107285	1.097515	1.087651	1.078665	1.071165	1.065452	1.061584	]
Aptitud 1.850460
Tiempo 46709.429688

**************************************************
Estadisticas sobre el error cuadratico medio de las corridas
Maximo 2.167395
Minimo 0.341669
Promedio 0.841082
Desviacion Estandar 0.492503
Promedio tiempos 46828.871094
**************************************************
Archivo Instancias/Tominaga2SSGeneratedData.txt, Poblacion 256, Generaciones 1000, Diversidad 50, GPUs 1
**************************************************
