Mejor solucion de la corrida 1, serie 1 
G = [-3.484784	2.447675	-1.443733	-0.998234	]
H = [3.603668	-0.128961	-0.306875	2.843539	]
ALPHA = [13.691025	6.108057	]
BETA = [19.501461	17.180639	]
X = [0.700000	0.867895	0.912466	0.951548	0.982417	1.006829	1.026529	1.042744	1.056307	1.067796	1.077625	1.086101	1.093459	1.099879	1.105507	1.110458	1.114828	1.118696	1.122128	1.125179	1.127896	1.130319	1.132484	1.134420	1.136153	1.137706	1.139099	1.140349	1.141471	1.142480	1.143387	1.144203	1.144937	1.145598	1.146194	1.146730	1.147213	1.147649	1.148041	1.148396	1.148715	1.149003	1.149263	1.149497	1.149708	1.149899	1.150072	1.150227	1.150367	1.150494	0.300000	0.708146	0.830862	0.858697	0.860052	0.855120	0.849431	0.844325	0.840001	0.836378	0.833331	0.830749	0.828542	0.826644	0.825000	0.823568	0.822316	0.821216	0.820248	0.819391	0.818633	0.817960	0.817361	0.816828	0.816352	0.815926	0.815546	0.815205	0.814900	0.814626	0.814380	0.814160	0.813961	0.813783	0.813622	0.813478	0.813348	0.813231	0.813125	0.813030	0.812944	0.812867	0.812797	0.812735	0.812678	0.812627	0.812581	0.812539	0.812502	0.812468	]
Aptitud 5.994760
Tiempo 3818.733398
Mejor solucion de la corrida 2, serie 1 
G = [-0.340636	2.177418	-2.173914	1.878993	]
H = [-0.350761	2.917954	1.401508	2.047629	]
ALPHA = [11.757232	3.767028	]
BETA = [12.714376	14.782436	]
X = [0.700000	0.721485	0.742737	0.763445	0.783326	0.802182	0.819863	0.836299	0.851498	0.865451	0.878234	0.889912	0.900563	0.910271	0.919121	0.927195	0.934569	0.941312	0.947488	0.953156	0.958366	0.963166	0.967537	0.971581	0.975329	0.978809	0.982029	0.985031	0.987834	0.990457	0.992915	0.995222	0.997391	0.999433	1.001359	1.003178	1.004898	1.006526	1.008070	1.009536	1.010928	1.012253	1.013514	1.014717	1.015860	1.016952	1.017989	1.018991	1.019994	1.020996	0.300000	0.300000	0.300000	0.302098	0.301319	0.297397	0.290836	0.282232	0.272195	0.261258	0.250101	0.238608	0.227444	0.216596	0.206192	0.196307	0.186979	0.178247	0.170068	0.162405	0.155272	0.148620	0.142416	0.136630	0.131230	0.126187	0.121474	0.117063	0.112932	0.109057	0.105418	0.101997	0.098776	0.095740	0.092877	0.090171	0.087611	0.085188	0.082891	0.080709	0.078636	0.076663	0.074783	0.072992	0.071282	0.069649	0.068088	0.066595	0.065164	0.063793	]
Aptitud 4.479219
Tiempo 3733.449707
Mejor solucion de la corrida 3, serie 1 
G = [-0.801683	-0.491806	2.369950	-1.125367	]
H = [-1.687816	0.897305	0.227709	1.269221	]
ALPHA = [1.565676	5.975110	]
BETA = [10.689525	19.007885	]
X = [0.700000	0.882815	0.982515	1.045394	1.085570	1.110055	1.123795	1.130578	1.133197	1.133563	1.132879	1.131838	1.130794	1.129902	1.129205	1.128693	1.128335	1.128094	1.127937	1.127840	1.127782	1.127748	1.127731	1.127722	1.127719	1.127718	1.127718	1.127719	1.127720	1.127721	1.127722	1.127722	1.127722	1.127723	1.127723	1.127723	1.127723	1.127723	1.127723	1.127723	1.127723	1.127723	1.127723	1.127723	1.127723	1.127723	1.127723	1.127723	1.127723	1.127723	0.300000	0.342700	0.415573	0.485231	0.545611	0.595073	0.633765	0.662762	0.683618	0.698035	0.707617	0.713742	0.717499	0.719697	0.720913	0.721533	0.721811	0.721902	0.721902	0.721862	0.721812	0.721765	0.721726	0.721696	0.721674	0.721659	0.721649	0.721642	0.721638	0.721636	0.721634	0.721633	0.721633	0.721633	0.721633	0.721633	0.721633	0.721633	0.721633	0.721633	0.721633	0.721633	0.721633	0.721633	0.721633	0.721633	0.721633	0.721633	0.721633	0.721633	]
Aptitud 5.860841
Tiempo 3788.105957
Mejor solucion de la corrida 4, serie 1 
G = [-1.390072	2.464056	-0.417031	-0.528557	]
H = [3.409026	0.011621	-0.800856	2.329641	]
ALPHA = [14.793851	20.042316	]
BETA = [13.624294	1.870516	]
X = [0.700000	0.767676	0.926236	1.014120	1.068691	1.107049	1.136221	1.159466	1.178538	1.194498	1.208045	1.219669	1.229728	1.238491	1.246168	1.252926	1.258898	1.264193	1.268903	1.273101	1.276853	1.280212	1.283152	1.285804	1.288198	1.290360	1.292313	1.294080	1.295678	1.297125	1.298437	1.299626	1.300704	1.301683	1.302571	1.303378	1.304111	1.304778	1.305383	1.305934	1.306435	1.306891	1.307306	1.307683	1.308027	1.308339	1.308624	1.308883	1.309123	1.309338	0.300000	0.736414	0.800356	0.773047	0.739252	0.711868	0.690856	0.674645	0.661899	0.651674	0.643322	0.636391	0.630565	0.625614	0.621368	0.617699	0.614508	0.611718	0.609267	0.607105	0.605192	0.603493	0.601985	0.600649	0.599459	0.598394	0.597438	0.596578	0.595803	0.595104	0.594472	0.593901	0.593385	0.592917	0.592493	0.592109	0.591761	0.591445	0.591157	0.590897	0.590660	0.590445	0.590249	0.590071	0.589909	0.589762	0.589628	0.589506	0.589395	0.589293	]
Aptitud 6.202597
Tiempo 3764.958496
Mejor solucion de la corrida 5, serie 1 
G = [-3.870324	3.299293	0.780609	2.639603	]
H = [1.310809	3.675236	1.833576	1.118764	]
ALPHA = [4.602736	5.884839	]
BETA = [5.541658	4.610754	]
X = [0.700000	0.703039	0.727128	0.774771	0.841308	0.916561	0.986244	1.039561	1.074100	1.093741	1.103747	1.108192	1.109660	1.109651	1.108999	1.108147	1.107314	1.106596	1.106019	1.105578	1.105255	1.105037	1.104885	1.104781	1.104712	1.104666	1.104637	1.104618	1.104607	1.104599	1.104595	1.104593	1.104592	1.104591	1.104591	1.104590	1.104590	1.104590	1.104591	1.104591	1.104591	1.104591	1.104591	1.104591	1.104591	1.104591	1.104591	1.104591	1.104591	1.104591	0.300000	0.556619	0.708655	0.810941	0.870410	0.888180	0.866924	0.822257	0.773772	0.734000	0.706317	0.689028	0.679107	0.673886	0.671458	0.670587	0.670522	0.670825	0.671254	0.671686	0.672064	0.672370	0.672601	0.672771	0.672892	0.672977	0.673035	0.673074	0.673100	0.673117	0.673128	0.673135	0.673139	0.673141	0.673143	0.673144	0.673144	0.673144	0.673144	0.673144	0.673144	0.673144	0.673144	0.673144	0.673144	0.673144	0.673144	0.673144	0.673144	0.673144	]
Aptitud 6.077762
Tiempo 3738.031006
Mejor solucion de la corrida 6, serie 1 
G = [0.860916	-0.531255	2.544709	2.654659	]
H = [-1.569737	-3.350999	-1.585329	1.647363	]
ALPHA = [8.082939	2.016904	]
BETA = [8.792546	4.320522	]
X = [0.700000	0.614394	0.710613	0.768646	0.809167	0.838578	0.860087	0.875914	0.887483	0.895861	0.901877	0.906165	0.909205	0.911353	0.912865	0.913928	0.914674	0.915208	0.915578	0.915834	0.916012	0.916141	0.916228	0.916288	0.916329	0.916356	0.916376	0.916389	0.916398	0.916404	0.916408	0.916411	0.916413	0.916414	0.916415	0.916416	0.916417	0.916417	0.916417	0.916417	0.916417	0.916417	0.916417	0.916417	0.916417	0.916417	0.916417	0.916417	0.916417	0.916417	0.300000	0.608623	0.747116	0.880028	0.984607	1.062756	1.121451	1.164307	1.195045	1.216868	1.232270	1.243103	1.250708	1.256039	1.259774	1.262390	1.264220	1.265509	1.266413	1.267044	1.267483	1.267787	1.268004	1.268155	1.268258	1.268329	1.268378	1.268411	1.268434	1.268450	1.268461	1.268468	1.268474	1.268477	1.268479	1.268481	1.268482	1.268483	1.268484	1.268484	1.268484	1.268484	1.268484	1.268484	1.268484	1.268484	1.268484	1.268484	1.268484	1.268484	]
Aptitud 5.732591
Tiempo 3747.851562
Mejor solucion de la corrida 7, serie 1 
G = [3.878469	3.502876	1.789822	-1.319387	]
H = [-0.238439	2.556903	-1.674879	2.576153	]
ALPHA = [15.271297	1.876626	]
BETA = [7.355318	5.514984	]
X = [0.700000	0.666651	0.701774	0.795861	0.915043	1.009512	1.061291	1.084755	1.094777	1.098989	1.100751	1.101485	1.101792	1.101920	1.101973	1.101995	1.102005	1.102008	1.102010	1.102011	1.102011	1.102011	1.102011	1.102011	1.102011	1.102011	1.102011	1.102011	1.102011	1.102011	1.102011	1.102011	1.102011	1.102011	1.102011	1.102011	1.102011	1.102011	1.102011	1.102011	1.102011	1.102011	1.102011	1.102011	1.102011	1.102011	1.102011	1.102011	1.102011	1.102011	0.300000	0.583037	0.765625	0.890152	0.945172	0.942719	0.927448	0.917997	0.913562	0.911633	0.910815	0.910472	0.910328	0.910268	0.910243	0.910233	0.910229	0.910227	0.910226	0.910226	0.910226	0.910226	0.910226	0.910226	0.910226	0.910226	0.910226	0.910226	0.910226	0.910226	0.910226	0.910226	0.910226	0.910226	0.910226	0.910226	0.910226	0.910226	0.910226	0.910226	0.910226	0.910226	0.910226	0.910226	0.910226	0.910226	0.910226	0.910226	0.910226	0.910226	]
Aptitud 5.638416
Tiempo 3766.579346
Mejor solucion de la corrida 8, serie 1 
G = [-1.318742	0.519101	-0.367121	-2.705316	]
H = [-3.695427	3.243026	-0.742381	2.083253	]
ALPHA = [10.575371	3.672591	]
BETA = [7.378133	16.878176	]
X = [0.700000	0.854219	0.857413	0.857413	0.857413	0.857413	0.857413	0.857413	0.857413	0.857413	0.857413	0.857413	0.857413	0.857413	0.857413	0.857413	0.857413	0.857413	0.857413	0.857413	0.857413	0.857413	0.857413	0.857413	0.857413	0.857413	0.857413	0.857413	0.857413	0.857413	0.857413	0.857413	0.857413	0.857413	0.857413	0.857413	0.857413	0.857413	0.857413	0.857413	0.857413	0.857413	0.857413	0.857413	0.857413	0.857413	0.857413	0.857413	0.857413	0.857413	0.300000	0.000000	0.000000	0.000000	0.000000	0.000000	0.000000	0.000000	0.000000	0.000000	0.000000	0.000000	0.000000	0.000000	0.000000	0.000000	0.000000	0.000000	0.000000	0.000000	0.000000	0.000000	0.000000	0.000000	0.000000	0.000000	0.000000	0.000000	0.000000	0.000000	0.000000	0.000000	0.000000	0.000000	0.000000	0.000000	0.000000	0.000000	0.000000	0.000000	0.000000	0.000000	0.000000	0.000000	0.000000	0.000000	0.000000	0.000000	0.000000	0.000000	]
Aptitud 4.080867
Tiempo 3760.201172
Mejor solucion de la corrida 9, serie 1 
G = [3.113692	-1.714689	-0.714173	-4.119458	]
H = [1.553969	-0.942201	-2.584986	0.005090	]
ALPHA = [1.833000	18.981581	]
BETA = [18.036123	16.966425	]
X = [0.700000	0.707199	0.714351	0.721460	0.728525	0.735549	0.742535	0.749483	0.756396	0.763276	0.770125	0.776946	0.783741	0.790511	0.797260	0.803989	0.810700	0.817396	0.824083	0.830760	0.837428	0.844090	0.850751	0.857409	0.864068	0.870730	0.877395	0.884067	0.890746	0.897436	0.904136	0.910849	0.917576	0.924317	0.931073	0.937844	0.944630	0.951430	0.958244	0.965066	0.971893	0.978714	0.985520	0.992296	0.999022	1.005674	1.012216	1.018602	1.024767	1.030717	0.300000	0.299659	0.299370	0.299204	0.299154	0.299217	0.299391	0.299654	0.300022	0.300495	0.301071	0.301750	0.302531	0.303406	0.304385	0.305469	0.306659	0.307958	0.309368	0.310893	0.312535	0.314299	0.316190	0.318213	0.320374	0.322681	0.325139	0.327759	0.330550	0.333522	0.336677	0.340038	0.343597	0.347393	0.351445	0.355773	0.360404	0.365363	0.370683	0.376399	0.382553	0.389192	0.396373	0.404158	0.412624	0.421858	0.431963	0.443063	0.455303	0.468853	]
Aptitud 6.336129
Tiempo 3781.388916
Mejor solucion de la corrida 10, serie 1 
G = [3.889074	0.558473	1.563391	-0.403460	]
H = [3.746978	-1.888453	3.388368	0.044607	]
ALPHA = [18.482613	5.714282	]
BETA = [7.172531	18.661310	]
X = [0.700000	0.393466	0.343666	0.319381	0.304655	0.294749	0.287690	0.282494	0.278606	0.275686	0.273515	0.271944	0.270870	0.270217	0.269931	0.269973	0.270313	0.270930	0.271810	0.272943	0.274323	0.275951	0.277828	0.279961	0.282359	0.285035	0.288008	0.291298	0.294934	0.298949	0.303384	0.308289	0.313727	0.319775	0.326528	0.334110	0.342678	0.352439	0.363670	0.376750	0.392221	0.410879	0.433959	0.463503	0.503188	0.560483	0.653575	0.845477	1.604358	0.000000	0.300000	0.346737	0.391174	0.430636	0.466744	0.500398	0.532164	0.562425	0.591455	0.619457	0.646588	0.672972	0.698708	0.723877	0.748549	0.772781	0.796622	0.820113	0.843294	0.866194	0.888843	0.911265	0.933482	0.955511	0.977370	0.999109	1.020663	1.042078	1.063357	1.084514	1.105550	1.126431	1.147136	1.167631	1.187870	1.207780	1.227260	1.246160	1.264254	1.281201	1.296460	1.309139	1.317668	1.319040	1.306729	1.263473	1.124664	0.262609	0.000000	0.000000	]
Aptitud 5.705949
Tiempo 3816.398926

**************************************************
Estadisticas sobre el error cuadratico medio de las corridas
Maximo 6.336129
Minimo 4.080867
Promedio 5.610913
Desviacion Estandar 0.703573
Promedio tiempos 3771.569824
**************************************************
Archivo Instancias/Tominaga2SSGeneratedData.txt, Poblacion 64, Generaciones 500, Diversidad 30, GPUs 1
**************************************************
